11111111111111111111111111111111
00000000000000000011000001010001
00000000000000000100101100001001
00000000000000000111100101011000
00000000000000000101011010111100
00000000000000000100000101111011
00000000000000000101100100101001
00000000000000000010110110001110
00000000000000000101111010001111
00000000000000001000010011011111
00000000000000000010111100110011
00000000000000000101000110010001
00000000000000001010001110001101
00000000000000000110100100101110
00000000000000001000110010101110
00000000000000000100100010101001
00000000000000000111011111010100
00000000000000000110101111000010
00000000000000001011001011100001
00000000000000000101000110010001
00000000000000000110100100101110
00000000000000000001101110011111
00000000000000000101010001010011
00000000000000000111000101001000
00000000000000001000000101010010
00000000000000000100100110110100
00000000000000000001111101111110
00000000000000000011111100011011
00000000000000000101001110000010
00000000000000000111111110001010
00000000000000000100001001101000
00000000000000000001011111000011
00000000000000001010011111001001
00000000000000000111011110010010
00000000000000000110101010110001
00000000000000000111100101011000
00000000000000000111011011001110
00000000000000000100100101100100
00000000000000001010100000100110
00000000000000001101101011100100
00000000000000001010110010101100
00000000000000001010111110010000
00000000000000001000010110000000
00000000000000001001001100011000
00000000000000001010010001000000
00000000000000000011011001101000
00000000000000000101101100011100
00000000000000000011000001010001
00000000000000000110011100100001
00000000000000000101111010001111
00000000000000000011011001000100
00000000000000000011101111000001
00000000000000001001000010010110
00000000000000000101001000100000
00000000000000000110110110100111
00000000000000001000100001110000
00000000000000000101011010111100
00000000000000000011111110010111
00000000000000000110110110100111
00000000000000000010100110000110
00000000000000000110000010110111
00000000000000001100001111001000
00000000000000001001001100011000
00000000000000001000101010001100
00000000000000000010000101100000
00000000000000001000010100001011
00000000000000001000101111000001
00000000000000001100011011100000
00000000000000000010111100001010
00000000000000000011100110101101
00000000000000000010100110000110
00000000000000001000010010100100
00000000000000001010000010010110
00000000000000001010100110011001
00000000000000000111000110001101
00000000000000000100101001010010
00000000000000000100101000011110
00000000000000000010001101011111
00000000000000000101110011011010
00000000000000000101101100011100
00000000000000000010110010001010
00000000000000001001100011001011
00000000000000000100111000100000
00000000000000000100101010100001
00000000000000000101111101011101
00000000000000000111110010100010
00000000000000000011100011100000
00000000000000001000101001110000
00000000000000001111000001010010
00000000000000001100010100010000
00000000000000001011101110001010
00000000000000001011010110010111
00000000000000001001100000100101
00000000000000001001110101000110
00000000000000000100110100001011
00000000000000000111001011100011
00000000000000000110000010100011
00000000000000000101001000100000
00000000000000000011011001000100
00000000000000000101001000100000
00000000000000001100001000001111
00000000000000001000110011011000
00000000000000001000101000011011
00000000000000001000100011000110
00000000000000000101001001100111
00000000000000000111100100011000
00000000000000001010100000000100
00000000000000000110000111111000
00000000000000001001010110000011
00000000000000001110111010010010
00000000000000001011001001010011
00000000000000001100010110100100
00000000000000000101100111011000
00000000000000001011101110010101
00000000000000001011011010100011
00000000000000001111101011001011
00000000000000000001111010000010
00000000000000000101111001100110
00000000000000000010111110101111
00000000000000001000111101000010
00000000000000001011001000100111
00000000000000001100101100000011
00000000000000000110001011100110
00000000000000000110101001000011
00000000000000000010010100001111
00000000000000000100001011000000
00000000000000001001001001101011
00000000000000000011110111000011
00000000000000000101100100010100
00000000000000001101010000111100
00000000000000000111111000011000
00000000000000000010011101000010
00000000000000000010111100110011
00000000000000001011010110110111
00000000000000000111010010001001
00000000000000001100000101011001
00000000000000010010001110011101
00000000000000001111011000111000
00000000000000001111001100111010
00000000000000001011011110011000
00000000000000001101000111010000
00000000000000001101100011110111
00000000000000000111110100010000
00000000000000001010001110001101
00000000000000000110111100101100
00000000000000001000110101111110
00000000000000000110101010011111
00000000000000000111111100101110
00000000000000000100111110101100
00000000000000000101001000100000
00000000000000001001000100000001
00000000000000001001001100001011
00000000000000000111111111110101
00000000000000000111101010101001
00000000000000000110100000000011
00000000000000000011000011110010
00000000000000000011101010111001
00000000000000000100010111100001
00000000000000000100100110110100
00000000000000001000101000001101
00000000000000000001110111000000
00000000000000000001110111000000
00000000000000000011100110101101
00000000000000001011111100010110
00000000000000001010111110010000
00000000000000001001010001111101
00000000000000000111101000011001
00000000000000000110111111011100
00000000000000000100010100011100
00000000000000001010011001010011
00000000000000000101111001100110
00000000000000001011011110100011
00000000000000001010101110000101
00000000000000001001010001111101
00000000000000001011010010011111
00000000000000000110100100011011
00000000000000000111011101000001
00000000000000001010001001111001
00000000000000001101101010100101
00000000000000001110110110001011
00000000000000000011000101101001
00000000000000000110011111001011
00000000000000001001111001001010
00000000000000000110000110101000
00000000000000000011010010001110
00000000000000000011111010011111
00000000000000001001111110010101
00000000000000000011101000010010
00000000000000000110000100000111
00000000000000000100010100011100
00000000000000000001111010000010
00000000000000000111001011110100
00000000000000000110110110100111
00000000000000001001001100001011
00000000000000000100001100110101
00000000000000000110001110010111
00000000000000001001110100100000
00000000000000001000000111011010
00000000000000000011000001010001
00000000000000000011011110000101
00000000000000000010101110101100
00000000000000000010010000000100
00000000000000001000101000011011
00000000000000000111011011111111
00000000000000000011100011100000
00000000000000000011111110010111
00000000000000000011100110101101
00000000000000000101101010011011
00000000000000000111110010100010
00000000000000000111111111110101
00000000000000000110000111100100
00000000000000000110100111000010
00000000000000001000110100011101
00000000000000001001011110110001
00000000000000001000010010100100
00000000000000001001110011100010
00000000000000000101000001101111
00000000000000001001000100000001
00000000000000000110001101110000
00000000000000000100011101001000
00000000000000001001100011001011
00000000000000000011111011111101
00000000000000000101000110010001
00000000000000000101001011011101
00000000000000001001101011101101
00000000000000001011000011011101
00000000000000000010110000110010
00000000000000000001101110011111
00000000000000000101111010001111
00000000000000001010010111000110
00000000000000000111111110111000
00000000000000000110101111000010
00000000000000001011111010011011
00000000000000000100011001101100
00000000000000000100111000111001
00000000000000000010111100001010
00000000000000000011101100011101
00000000000000000111000111100011
00000000000000000010000000110110
00000000000000000100010000111000
00000000000000000011011100111110
00000000000000000100000001101100
00000000000000000100011001101100
00000000000000001000010011011111
00000000000000001001101100010011
00000000000000000101010101010000
00000000000000000100011001101100
00000000000000000110101001000011
00000000000000000010100000111000
00000000000000001000011010000110
00000000000000000111101101010111
00000000000000000110000010100011
00000000000000000011100011100000
00000000000000001000100001110000
00000000000000001001001100001011
00000000000000001010000101011000
00000000000000000101101011011011
00000000000000000010101110101100
00000000000000000011011001101000
00000000000000000100000100000011
00000000000000000101010101010000
00000000000000000010001101011111
00000000000000000111010000100100
00000000000000001001000010010110
00000000000000001010010001001011
00000000000000000110101001000011
00000000000000000100001010000101
00000000000000001010111001101110
00000000000000001010010110001011
00000000000000001010101111101011
00000000000000001011100100110101
00000000000000000110101010110001
00000000000000000110100011010001
00000000000000001100001000001111
00000000000000001010101111101011
00000000000000000111110011010001
00000000000000001001000010001000
00000000000000000101101100110001
00000000000000001000000111011010
00000000000000001010000010111010
00000000000000000011010100100001
00000000000000000011110010100100
00000000000000000010001011110000
00000000000000001000000011110111
00000000000000001000111000110001
00000000000000000010110010001010
00000000000000000011011011010100
00000000000000001011010000010010
00000000000000001101001100010101
00000000000000001000001000010110
00000000000000001000010011011111
00000000000000001001101110101010
00000000000000000101010001010011
00000000000000001100011000000111
00000000000000001010000101111100
00000000000000001010000100001111
00000000000000000111010100110000
00000000000000001100001111110000
00000000000000001001110101110111
00000000000000001100000111111011
00000000000000000110010001101110
00000000000000000001011111000011
00000000000000000011011110000101
00000000000000000110100100101110
00000000000000000010101110101100
00000000000000000100110110001001
00000000000000000110011011000010
00000000000000001010101010001010
00000000000000001101010100100010
00000000000000000101000110010001
00000000000000000110100110001011
00000000000000001110101111111111
00000000000000001101000000000110
00000000000000001010111111001000
00000000000000001011010100110110
00000000000000001010101010001010
00000000000000001001101010101110
00000000000000001111100100100101
00000000000000001110001110001001
00000000000000001011010111000010
00000000000000001100111110011111
00000000000000000010111100001010
00000000000000001100001001000001
00000000000000001110000000101001
00000000000000000110111010001110
00000000000000000111110100010000
00000000000000000010110000110010
00000000000000001011011010100011
00000000000000001011011100011000
00000000000000000110011100110100
00000000000000001000101111011101
00000000000000001011001000110010
00000000000000000101110010011011
00000000000000000111010100110000
00000000000000001011000010100110
00000000000000000110101111000010
00000000000000001011010010111111
00000000000000000111010000000010
00000000000000001001100100100101
00000000000000000111110111001010
00000000000000001100101111101010
00000000000000000110011011000010
00000000000000001001000000011100
00000000000000000010111100110011
00000000000000000011110111000011
00000000000000000110000111111000
00000000000000001000010010010101
00000000000000000001110000101011
00000000000000000011011011010100
00000000000000000011001011001000
00000000000000000111011011001110
00000000000000001010110010101100
00000000000000000010010000000100
00000000000000000100010000111000
00000000000000001101001101101000
00000000000000001010001011111101
00000000000000000111100100101000
00000000000000000111111111110101
00000000000000001001110001001100
00000000000000000111011011001110
00000000000000001101010110110100
00000000000000001111000100101101
00000000000000001100000111111011
00000000000000001100111011011001
00000000000000000110010111011101
00000000000000001011011110100011
00000000000000001100110110000100
00000000000000000101100111101110
00000000000000000111011110000010
00000000000000000010010000000100
00000000000000001001010001111101
00000000000000001000101000011011
00000000000000000101011000000111
00000000000000000010111100001010
00000000000000000011001000000110
00000000000000000101001000100000
00000000000000001011101000111100
00000000000000001010000000101000
00000000000000000101101100110001
00000000000000000001111101000000
00000000000000000110100100101110
00000000000000001000100010111000
00000000000000001010101100110101
00000000000000000110001110010111
00000000000000000011010010001110
00000000000000000110010110010000
00000000000000001010100100000011
00000000000000001011101100110111
00000000000000001011000011011101
00000000000000001010100000000100
00000000000000000110100000000011
00000000000000001000100101100011
00000000000000000011111100011011
00000000000000000010000100100101
00000000000000001001100001011000
00000000000000000100101010100001
00000000000000000101110011011010
00000000000000000010001100101000
00000000000000000111101110000111
00000000000000001001001100001011
00000000000000000101100100101001
00000000000000000001110001110000
00000000000000000100101101110001
00000000000000001101001110111011
00000000000000001010111110010000
00000000000000001001011011001001
00000000000000001101101111101111
00000000000000000110111100001001
00000000000000000110011100110100
00000000000000000101000110010001
00000000000000000110100110001011
00000000000000001000100000001100
00000000000000000001100100000011
00000000000000000001011000011001
00000000000000000101101000101111
00000000000000000101010110101100
00000000000000000101100100101001
00000000000000001011010001011110
00000000000000001010110100000110
00000000000000000011110111000011
00000000000000000100111000111001
00000000000000000101111000010011
00000000000000001000110011011000
00000000000000001001011110110001
00000000000000001001001001101011
00000000000000000101110010011011
00000000000000001001000011110100
00000000000000001100010000100010
00000000000000001100111100010001
00000000000000001011100001000010
00000000000000001100111000100101
00000000000000001000010110011101
00000000000000001011011001100010
00000000000000000110110011110101
00000000000000000010010000000100
00000000000000001100001101010000
00000000000000000110111000010010
00000000000000000010111100110011
00000000000000000011110100000100
00000000000000001010100110011001
00000000000000001100000101000101
00000000000000000100101001010010
00000000000000000011101110000000
00000000000000000010011100010000
00000000000000001011110100000000
00000000000000001010000011101011
00000000000000000111110011010001
00000000000000001111010111111000
00000000000000000101010101010000
00000000000000000011111110010111
00000000000000000110011000111101
00000000000000000110111001000111
00000000000000001010011100110010
00000000000000000001110111000000
00000000000000000100000101111011
00000000000000000110111010100000
00000000000000000011011110000101
00000000000000001001110101110111
00000000000000000111010101000001
00000000000000000110010001101110
00000000000000000010011100010000
00000000000000000101101110000111
00000000000000000110011010001001
00000000000000001001110101110111
00000000000000000101100010010000
00000000000000000100111000111001
00000000000000000011111010000000
00000000000000000111011101000001
00000000000000001000101110010111
00000000000000001000100100111000
00000000000000000111100010100111
00000000000000000011011001000100
00000000000000000110010110100011
00000000000000000100010000111000
00000000000000000101001100001100
00000000000000000110111100011011
00000000000000000001100100000011
00000000000000000111101000011001
00000000000000000101000010001000
00000000000000000111010000100100
00000000000000001000100010111000
00000000000000000101001111011111
00000000000000000001101000110100
00000000000000000111100101011000
00000000000000001100011011110011
00000000000000001001110001000000
00000000000000001001001001000011
00000000000000001010101000101110
00000000000000000110111111011100
00000000000000000111100110101001
00000000000000000010011111010110
00000000000000000100101100100011
00000000000000000101011000000111
00000000000000000011011111101110
00000000000000000011100011100000
00000000000000000010111100001010
00000000000000000110100100101110
00000000000000000101001111011111
00000000000000000100000101111011
00000000000000000101100100111111
00000000000000000010011001111001
00000000000000000011011011010100
00000000000000000110011000111101
00000000000000001000111110100010
00000000000000000111111100111101
00000000000000000110101010110001
00000000000000000111000111100011
00000000000000000111011100010000
00000000000000000110000010100011
00000000000000001000110101111110
00000000000000000011111010011111
00000000000000001001000010001000
00000000000000000111101010011001
00000000000000000110101101000011
00000000000000001001001001101011
00000000000000000011110100100100
00000000000000000110100000000011
00000000000000000111010101000001
00000000000000001010101101000001
00000000000000001011111100010110
00000000000000000010011101000010
00000000000000000011011111101110
00000000000000000111111111110101
00000000000000001000111110100010
00000000000000000110010011001111
00000000000000000101111001100110
00000000000000001010000100001111
00000000000000000100001010000101
00000000000000000101101101110001
00000000000000000001101110011111
00000000000000000001011101110000
00000000000000000101110011011010
00000000000000000100010000111000
00000000000000000110001110010111
00000000000000000001111101111110
00000000000000000100011111010001
00000000000000000111111000011000
00000000000000001100000111110001
00000000000000000101011001001011
00000000000000000011100001010110
00000000000000000011100001010110
00000000000000001111000010010011
00000000000000001110100001011001
00000000000000001011111100010110
00000000000000001000010000101110
00000000000000000110101000011110
00000000000000000011001101100001
00000000000000001011110010101101
00000000000000001000010010110011
00000000000000001101110100111111
00000000000000001110000110101111
00000000000000001100111100101110
00000000000000001101010010000110
00000000000000001001100011001011
00000000000000001010101010001010
00000000000000001101110011111001
00000000000000010000101110011001
00000000000000010001110001100001
00000000000000000110101000011110
00000000000000001010000100001111
00000000000000001101011010000110
00000000000000000100101000111000
00000000000000000010010011011010
00000000000000000101010110101100
00000000000000001001100001011000
00000000000000000110100100101110
00000000000000001001000100101010
00000000000000000111011011001110
00000000000000000101001011000110
00000000000000001000110011011000
00000000000000001010100001100001
00000000000000001100110010101001
00000000000000000111000111100011
00000000000000001000101000111000
00000000000000001001110001001100
00000000000000000101111010001111
00000000000000000010100000111000
00000000000000000111000101011001
00000000000000001011101010010000
00000000000000001100001101010000
00000000000000001000001100000101
00000000000000000011110010100100
00000000000000000010101000010010
00000000000000000001100100000011
00000000000000000111010101000001
00000000000000000100101000011110
00000000000000001001101110010001
00000000000000001011010100110110
00000000000000001011110100000000
00000000000000001000111110111101
00000000000000000110011011000010
00000000000000001011011001100010
00000000000000001100001010011100
00000000000000001101001111010111
00000000000000001110000101101010
00000000000000000110111001111100
00000000000000001000001111000110
00000000000000001101001110111011
00000000000000001000111101000010
00000000000000000110000111111000
00000000000000001000000111011010
00000000000000000101101000101111
00000000000000000111111011000010
00000000000000001010001110001101
00000000000000000100111100000000
00000000000000000100000000010001
00000000000000000100011111010001
00000000000000001001011011100010
00000000000000001010110011111011
00000000000000000100011010111111
00000000000000000111001111110010
00000000000000000010110010001010
00000000000000000110001110010111
00000000000000000101101010011011
00000000000000001011011101101101
00000000000000001000111110100010
00000000000000001010000111011101
00000000000000001011001000110010
00000000000000001011001000100111
00000000000000001000111000110001
00000000000000001100111000100101
00000000000000000111111100101110
00000000000000001100100100010110
00000000000000001001011110110001
00000000000000000110000000010101
00000000000000001100111100010001
00000000000000000111010101110011
00000000000000000010110110001110
00000000000000000111011000011000
00000000000000001101000111010000
00000000000000001110100001011001
00000000000000000001110000101011
00000000000000000101001000100000
00000000000000000101100111101110
00000000000000000111111100111101
00000000000000000110010110100011
00000000000000000011111100011011
00000000000000001101111100110100
00000000000000000001011111000011
00000000000000000001101000110100
00000000000000000101101100110001
00000000000000000100101111011000
00000000000000001001111001001010
00000000000000000100001001001011
00000000000000000111000101001000
00000000000000000110000010100011
00000000000000000111100001010110
00000000000000001000110000111111
00000000000000001011101110001010
00000000000000000100010100111000
00000000000000000010011101000010
00000000000000000100100110110100
00000000000000001001100111100011
00000000000000001011000100101010
00000000000000001011000000101100
00000000000000001000111110111101
00000000000000000101101000101111
00000000000000000110101101111010
00000000000000000010010000000100
00000000000000000011101110000000
00000000000000000111110000010101
00000000000000000011101000010010
00000000000000000111101101010111
00000000000000000010111100001010
00000000000000000101111001100110
00000000000000000111010110000011
00000000000000000110101111000010
00000000000000000010010000000100
00000000000000000110100100101110
00000000000000001110010011101000
00000000000000001011110011110110
00000000000000001010101101000001
00000000000000001100110001100110
00000000000000001000010100001011
00000000000000001000001101001111
00000000000000000100111010000100
00000000000000000110111100101100
00000000000000000111011011001110
00000000000000000011010100100001
00000000000000000001011000011001
00000000000000000101011000000111
00000000000000000011011100111110
00000000000000000100001100110101
00000000000000001011010000010010
00000000000000001001101110010001
00000000000000001001000100101010
00000000000000001000101110010111
00000000000000001000011101101110
00000000000000000110000110101000
00000000000000001010111111001000
00000000000000000110001001011011
00000000000000001011011011100011
00000000000000001001101110010001
00000000000000000111101000011001
00000000000000001011011111100010
00000000000000000110001110010111
00000000000000000101100111101110
00000000000000001000101001110000
00000000000000001100111110011111
00000000000000001110010000101100
00000000000000000001001111101011
00000000000000000101010010000001
00000000000000001000000011011001
00000000000000000110110010011011
00000000000000000100011001101100
00000000000000000011011111101110
00000000000000001011010111000010
00000000000000000010000101100000
00000000000000000100010100011100
00000000000000000100000101111011
00000000000000000010010000000100
00000000000000000111110100111110
00000000000000000101010001010011
00000000000000000111110111001010
00000000000000000100001101101111
00000000000000000100111110101100
00000000000000001011100001000010
00000000000000001011001101000011
00000000000000001000011101011111
00000000000000000101110111010101
00000000000000000101001000100000
00000000000000000010101110101100
00000000000000001000111000110001
00000000000000000100110110001001
00000000000000001010011100110010
00000000000000001010101010001010
00000000000000001010000111011101
00000000000000001010000011011111
00000000000000000110000001111010
00000000000000001001000010010110
00000000000000001010101111100000
00000000000000001101001101000011
00000000000000001110010000101100
00000000000000000100100010101001
00000000000000000110110110100111
00000000000000001011001001111111
00000000000000000111001101101011
00000000000000000100010000111000
00000000000000000101101100110001
00000000000000001000000111011010
00000000000000000101011010111100
00000000000000000111110001010100
00000000000000000011111100011011
00000000000000000001111101111110
00000000000000000101101101110001
00000000000000000111101010101001
00000000000000001001100100100101
00000000000000000011100110101101
00000000000000001111010111011000
00000000000000001101111001101011
00000000000000001100110111011001
00000000000000001010110001000110
00000000000000001001100110010111
00000000000000000110010001101110
00000000000000001101110110110010
00000000000000001001011111111110
00000000000000001111000101001110
00000000000000001101111010110001
00000000000000001011100000010111
00000000000000001110110111111110
00000000000000001010000110111000
00000000000000001000000101110000
00000000000000001100101100100000
00000000000000010001000101110111
00000000000000010010010101000001
00000000000000000101001000100000
00000000000000001001011110110001
00000000000000001011001111011011
00000000000000000010100110000110
00000000000000000001001110001000
00000000000000000010000101100000
00000000000000001100100110101000
00000000000000000100001011011101
00000000000000000110011000111101
00000000000000000111110111001010
00000000000000000101011111001000
00000000000000001010101010100001
00000000000000001001010010111111
00000000000000001100000001011100
00000000000000000111110010100010
00000000000000000100000101111011
00000000000000000011101010111001
00000000000000001010000000110100
00000000000000001100000011010110
00000000000000001101001001011100
00000000000000000111101110000111
00000000000000000111000001111000
00000000000000000100000100000011
00000000000000000010011101000010
00000000000000000111100100101000
00000000000000000101100100101001
00000000000000000101011111001000
00000000000000001100000001011100
00000000000000000110001011100110
00000000000000000001101110011111
00000000000000000011000011110010
00000000000000001010101100110101
00000000000000000110010101010110
00000000000000001010100000100110
00000000000000010001111101000011
00000000000000001111001110100010
00000000000000001110101001100000
00000000000000001100110001111001
00000000000000001100011001010110
00000000000000001100100001000000
00000000000000000111101010101001
00000000000000001010000100001111
00000000000000000111110110001100
00000000000000000111101001011001
00000000000000000101001000100000
00000000000000000111111011000010
00000000000000000110000110101000
00000000000000001011110100000000
00000000000000001101011010000110
00000000000000001101011101101001
00000000000000001010101001010000
00000000000000000111111100101110
00000000000000000111101010101001
00000000000000000001110000101011
00000000000000000011110010100100
00000000000000001000111110111101
00000000000000000101111100001011
00000000000000001000101111000001
00000000000000000010001101011111
00000000000000000101001000001000
00000000000000000110100110001011
00000000000000001000110011011000
00000000000000000100011111010001
00000000000000000110101000011110
00000000000000010000011101011001
00000000000000001110000101100001
00000000000000001100101100101010
00000000000000001110111010101010
00000000000000001010001110001101
00000000000000001001100111110000
00000000000000000111010111000110
00000000000000001001010110111000
00000000000000001001100100110001
00000000000000000100110101010111
00000000000000000001111010000010
00000000000000000111110100111110
00000000000000000110010110010000
00000000000000001000011000111110
00000000000000001001101110010001
00000000000000000100100010101001
00000000000000000011101010011000
00000000000000000010011101000010
00000000000000000100011110110110
00000000000000001000010011010000
00000000000000000011001011001000
00000000000000000010110110111001
00000000000000001011100001000010
00000000000000000111011110010010
00000000000000000101000110010001
00000000000000000101111001111011
00000000000000001000111000110001
00000000000000000101011010111100
00000000000000001011000011111110
00000000000000001111011000100000
00000000000000001100100000011001
00000000000000001100100100010110
00000000000000001001001100011000
00000000000000001010101010100001
00000000000000001011011111111000
00000000000000000101000001101111
00000000000000000111011000011000
00000000000000000100001011011101
00000000000000000111001110101110
00000000000000000101111101011101
00000000000000000101000101001001
00000000000000000010010011011010
00000000000000000101001000100000
00000000000000000011110011000100
00000000000000000100000100000011
00000000000000000111000001111000
00000000000000001010011111001001
00000000000000001100100110011110
00000000000000000101111001111011
00000000000000000110000000010101
00000000000000001101100111001110
00000000000000001100011100111000
00000000000000001011010100110110
00000000000000001011110101111100
00000000000000001001011001010100
00000000000000001000111000110001
00000000000000001110101011001100
00000000000000001100101111001101
00000000000000001001110111111111
00000000000000001011100010100001
00000000000000000011001011101110
00000000000000001010110011110000
00000000000000001100110001100110
00000000000000000101111000010011
00000000000000000110011111001011
00000000000000000010010000000100
00000000000000001010100010110010
00000000000000001010111010110001
00000000000000000101011000000111
00000000000000000011011011010100
00000000000000000110000100000111
00000000000000000101011101011001
00000000000000001001010010111111
00000000000000001100001111110000
00000000000000001101101001011110
00000000000000001000001101001111
00000000000000000111011110000010
00000000000000001101110100111111
00000000000000001101101111101111
00000000000000001101011101000101
00000000000000001110000011011111
00000000000000001001011000010011
00000000000000001001111100001111
00000000000000001111011000100000
00000000000000001011010000010010
00000000000000001000100011110001
00000000000000001010101110111110
00000000000000000011000001010001
00000000000000001010100000100110
00000000000000001100101111101010
00000000000000000110101010011111
00000000000000000110011010001001
00000000000000000100001101101111
00000000000000001011011000111000
00000000000000001100010001110001
00000000000000000110000111100100
00000000000000001000110011011000
00000000000000000110000111111000
00000000000000001011010010010100
00000000000000001100101100000011
00000000000000001100101111001101
00000000000000001010100010000011
00000000000000000111110100010000
00000000000000001011101110001010
00000000000000001101001111010111
00000000000000001110101111111111
00000000000000001111101000001000
00000000000000000111001111110010
00000000000000001001010011100110
00000000000000001101111000011011
00000000000000000111110100111110
00000000000000000101001011011101
00000000000000000111101001001001
00000000000000000110010111011101
00000000000000000111111100001111
00000000000000001010011000011001
00000000000000000110000110111100
00000000000000000100101000011110
00000000000000000110000010110111
00000000000000001010010011011010
00000000000000001011111101110010
00000000000000000101101000101111
00000000000000000100111100000000
00000000000000000011111010011111
00000000000000001001000000011100
00000000000000001100100011001000
00000000000000000010011101000010
00000000000000000110000000010101
00000000000000001110111001101001
00000000000000001011111010011011
00000000000000001000101000011011
00000000000000001000110010101110
00000000000000001011010010111111
00000000000000001001001011010110
00000000000000001111000111010111
00000000000000010000000011111100
00000000000000001101000111111111
00000000000000001110001111000110
00000000000000000101011101011001
00000000000000001100111101011101
00000000000000001110011101011100
00000000000000000111001011110100
00000000000000001000110011011000
00000000000000000011001101100001
00000000000000001011000001111001
00000000000000001010010111010010
00000000000000000110111000000000
00000000000000000101100111101110
00000000000000000110110101100000
00000000000000001000100010111000
00000000000000000101011001111000
00000000000000000010000000110110
00000000000000001010000100001111
00000000000000001000011010000110
00000000000000001000101000001101
00000000000000001001100011001011
00000000000000000110010111011101
00000000000000000100110110001001
00000000000000001010101110011100
00000000000000001011111011101101
00000000000000001001000000011100
00000000000000001001100010001011
00000000000000000111001111110010
00000000000000001000000011101000
00000000000000001001100010001011
00000000000000000010010000000100
00000000000000000100000101111011
00000000000000000010000110011010
00000000000000000110100100011011
00000000000000000110111001000111
00000000000000000001111101000000
00000000000000000101111010001111
00000000000000001010011011100000
00000000000000000001100010110101
00000000000000000101010001010011
00000000000000001101111011110111
00000000000000001001011001000111
00000000000000000100101111011000
00000000000000000100111010000100
00000000000000001011010011110101
00000000000000000111110100111110
00000000000000001101010010000110
00000000000000010001100010111100
00000000000000001110101000000100
00000000000000001110111010101010
00000000000000001001010011100110
00000000000000001101000101100000
00000000000000001101111100110100
00000000000000000111010110000011
00000000000000001001100110111101
00000000000000000101010010000001
00000000000000001001100110010111
00000000000000000111111110111000
00000000000000000111010100001111
00000000000000000101001000001000
00000000000000000111010000000010
00000000000000000100111010000100
00000000000000001001101110101010
00000000000000000011101111000001
00000000000000000011110010100100
00000000000000000101010001010011
00000000000000001000111110100010
00000000000000000100011111010001
00000000000000001000000011110111
00000000000000010000100000101000
00000000000000001101111100110100
00000000000000001100111100101110
00000000000000001101100001000010
00000000000000001010100100001110
00000000000000001010010111110101
00000000000000000110101101111010
00000000000000001000111101000010
00000000000000001000001111000110
00000000000000000101011101011001
00000000000000000010101110101100
00000000000000000111000111000000
00000000000000001011011101101101
00000000000000000110101111000010
00000000000000000101000101001001
00000000000000000001101000110100
00000000000000001000110101111110
00000000000000001010010100111001
00000000000000000110011101101100
00000000000000000011101110100000
00000000000000000010111100001010
00000000000000001101111010110001
00000000000000001011111110000111
00000000000000001001111100001111
00000000000000001111110001111101
00000000000000000111011011111111
00000000000000000110001110010111
00000000000000000110111111011100
00000000000000001000001001100001
00000000000000001010100100001110
00000000000000000010011101000010
00000000000000000010011111010110
00000000000000000111100010010111
00000000000000000101100111101110
00000000000000001110100100100010
00000000000000001010100100000011
00000000000000000110010001101110
00000000000000000110010110010000
00000000000000001011100010100001
00000000000000001000100001110000
00000000000000001110001111000110
00000000000000010001010000000101
00000000000000001110010011100000
00000000000000001110111011001011
00000000000000000111111010000100
00000000000000001101010010110100
00000000000000001110011010011010
00000000000000000111011011001110
00000000000000001001011111110001
00000000000000000100100000000111
00000000000000001010010111010010
00000000000000001001000101100000
00000000000000000111010010001001
00000000000000001001000000001110
00000000000000000110011100110100
00000000000000000111001011100011
00000000000000001000010010110011
00000000000000000110000010100011
00000000000000000011001011101110
00000000000000001001001001000011
00000000000000001100101010010000
00000000000000001001110101110111
00000000000000001001101110000100
00000000000000001001001011010110
00000000000000000111110100010000
00000000000000001000110010101110
00000000000000000010010000000100
00000000000000000100101010100001
00000000000000000011110111000011
00000000000000000101000001101111
00000000000000000100111010011101
00000000000000000010011100010000
00000000000000000110101101000011
00000000000000001101100001000010
00000000000000001110111111011000
00000000000000000100100000000111
00000000000000000110000110111100
00000000000000000011011001101000
00000000000000001010000011101011
00000000000000001000111101000010
00000000000000000110000110101000
00000000000000010000100011011001
00000000000000000100000101111011
00000000000000000001101101011000
00000000000000000111110111001010
00000000000000000111011011001110
00000000000000001100000111111011
00000000000000000100011010111111
00000000000000000111000001111000
00000000000000001000010011010000
00000000000000000111010101000001
00000000000000001000110011011000
00000000000000000111100100101000
00000000000000000011111011111101
00000000000000000100011010111111
00000000000000001111001011011001
00000000000000001101000011001011
00000000000000001011010000111101
00000000000000001111101000001000
00000000000000001000110000000111
00000000000000000111110001010100
00000000000000000111001110101110
00000000000000001000110010101110
00000000000000001010010011001110
00000000000000000011011001101000
00000000000000000001100100000011
00000000000000000111110000100100
00000000000000000001011111000011
00000000000000001100011001110100
00000000000000000111111111110101
00000000000000001011101111011110
00000000000000010011101011100010
00000000000000010000111100110010
00000000000000010000010110111111
00000000000000001101111010110001
00000000000000001110000101011001
00000000000000001110000110101111
00000000000000001001011000010011
00000000000000001011110010001110
00000000000000001001001111011111
00000000000000001001001101000000
00000000000000000110100000111011
00000000000000001001100111110000
00000000000000001101101111101111
00000000000000001001011001000111
00000000000000001101001110000100
00000000000000010100111010000001
00000000000000010010001000001010
00000000000000010001101011100110
00000000000000001110001101100111
00000000000000001111011100110101
00000000000000001111100011001111
00000000000000001010100010000011
00000000000000001100111100101110
00000000000000001001111000110001
00000000000000001010101010001010
00000000000000000111111111110101
00000000000000001010101110011100
00000000000000000100011111010001
00000000000000000110110011110101
00000000000000000111101010011001
00000000000000000101100000100001
00000000000000000011111110010111
00000000000000001100001100001010
00000000000000000001110001110000
00000000000000000011011001000100
00000000000000000100001001101000
00000000000000000010111110101111
00000000000000001000001111000110
00000000000000000100001011000000
00000000000000000110111010001110
00000000000000000100011010111111
00000000000000000101111101011101
00000000000000001100000011111110
00000000000000001001100110111101
00000000000000001000011101011111
00000000000000001100000011111110
00000000000000000110000110101000
00000000000000000110010001101110
00000000000000000011010100100001
00000000000000000100111100000000
00000000000000000110111001111100
00000000000000000001110111000000
00000000000000000010101110101100
00000000000000000011110111000011
00000000000000001101010111011001
00000000000000001011111110010001
00000000000000001001010110111000
00000000000000010001110011010110
00000000000000000111000101001000
00000000000000000101000010001000
00000000000000001000110100011101
00000000000000001001010001111101
00000000000000001100110100010010
00000000000000000100001010000101
00000000000000000101011010111100
00000000000000001001010110010000
00000000000000000010111100110011
00000000000000000100000001101100
00000000000000001110001010010000
00000000000000000110011111001011
00000000000000001000010110111010
00000000000000001010011010001110
00000000000000001000000000100010
00000000000000001100111010111100
00000000000000001011110010101101
00000000000000001110100100100010
00000000000000001010010011011010
00000000000000000011001011101110
00000000000000001011100010100001
00000000000000000100111010000100
00000000000000000111010010001001
00000000000000000111100110001001
00000000000000000101001011011101
00000000000000001001111110010101
00000000000000001001101010001000
00000000000000001100001111110000
00000000000000000111011100010000
00000000000000001101110000000001
00000000000000000010100000111000
00000000000000000100011001010000
00000000000000000111100100101000
00000000000000000101011101011001
00000000000000001011000001111001
00000000000000000111111011000010
00000000000000001010110010101100
00000000000000000111101001011001
00000000000000001101011011100001
00000000000000001111100101000100
00000000000000001000111110111101
00000000000000001001001101101000
00000000000000000101010110101100
00000000000000001101101100010000
00000000000000001110000101101010
00000000000000001000011101011111
00000000000000000010100000111000
00000000000000000101111000010011
00000000000000000100010100111000
00000000000000001001110101110111
00000000000000000101011010111100
00000000000000001000010100001011
00000000000000000110000110101000
00000000000000000111010010001001
00000000000000000110010111011101
00000000000000001011100000010111
00000000000000000100111010011101
00000000000000000111110010100010
00000000000000000111101001011001
00000000000000000010011010101011
00000000000000000100010000111000
00000000000000000100101111011000
00000000000000000101111000010011
00000000000000000000100010111100
00000000000000000101100111011000
00000000000000000101101100110001
00000000000000000111101010101001
00000000000000000010010011011010
00000000000000001000101010001100
00000000000000001000110000000111
00000000000000000011110111000011
00000000000000000010111100001010
00000000000000000101010010000001
00000000000000000110011000111101
00000000000000000000000000000000
00000000000000000000000000000000
00000000000000000000000000000000
00000000000000000000000000000000
00000000000000000000000000000000
00000000000000000000000000000000
00000000000000000000000000000000
00000000000000000000000000000000
00000000000000000000000000000000
00000000000000000000000000000000
00000000000000000000000000000000
00000000000000000000000000000000
00000000000000000000000000000000
00000000000000000000000000000000
00000000000000000000000000000000
00000000000000000000000000000000
00000000000000000000000000000000
00000000000000000000000000000000
00000000000000000000000000000000
00000000000000000000000000000000
00000000000000000000000000000000
00000000000000000000000000000000
00000000000000000000000000000000
00000000000000000000000000000000
00000000000000000000000000000000
00000000000000000000000000000000
00000000000000000000000000000000
00000000000000000000000000000000
00000000000000000000000000000000
00000000000000000000000000000000
00000000000000000000000000000000
00000000000000000000000000000000
00000000000000000000000000000000
00000000000000000000000000000000
00000000000000000000000000000000
00000000000000000000000000000000
00000000000000000000000000000000
00000000000000000000000000000000
00000000000000000000000000000000
00000000000000000000000000000000
00000000000000000000000000000000
00000000000000000000000000000000
00000000000000000000000000000000
00000000000000000000000000000000
00000000000000000000000000000000
00000000000000000000000000000000
00000000000000000000000000000000
00000000000000000000000000000000
00000000000000000000000000000000
00000000000000000000000000000000
00000000000000000000000000000000
00000000000000000000000000000000
00000000000000000000000000000000
00000000000000000000000000000000
00000000000000000000000000000000
00000000000000000000000000000000
00000000000000000000000000000000
00000000000000000000000000000000
00000000000000000000000000000000
00000000000000000000000000000000
00000000000000000000000000000000
00000000000000000000000000000000
00000000000000000000000000000000
00000000000000000000000000000000
00000000000000000000000000000000
00000000000000000000000000000000
00000000000000000000000000000000
00000000000000000000000000000000
00000000000000000000000000000000
00000000000000000000000000000000
00000000000000000000000000000000
00000000000000000000000000000000
00000000000000000000000000000000
00000000000000000000000000000000
00000000000000000000000000000000
00000000000000000000000000000000
00000000000000000000000000000000
00000000000000000000000000000000
00000000000000000000000000000000
00000000000000000000000000000000
00000000000000000000000000000000
00000000000000000000000000000000
00000000000000000000000000000000
00000000000000000000000000000000
00000000000000000000000000000000
00000000000000000000000000000000
00000000000000000000000000000000
00000000000000000000000000000000
00000000000000000000000000000000
00000000000000000000000000000000
00000000000000000000000000000000
00000000000000000000000000000000
00000000000000000000000000000000
00000000000000000000000000000000
00000000000000000000000000000000
00000000000000000000000000000000
00000000000000000000000000000000
00000000000000000000000000000000
00000000000000000000000000000000
00000000000000000000000000000000
00000000000000000000000000000000
00000000000000000000000000000000
00000000000000000000000000000000
00000000000000000000000000000000
00000000000000000000000000000000
00000000000000000000000000000000
00000000000000000000000000000000
00000000000000000000000000000000
00000000000000000000000000000000
00000000000000000000000000000000
00000000000000000000000000000000
00000000000000000000000000000000
00000000000000000000000000000000
00000000000000000000000000000000
00000000000000000000000000000000
00000000000000000000000000000000
00000000000000000000000000000000
00000000000000000000000000000000
00000000000000000000000000000000
00000000000000000000000000000000
00000000000000000000000000000000
00000000000000000000000000000000
00000000000000000000000000000000
00000000000000000000000000000000
00000000000000000000000000000000
00000000000000000000000000000000
00000000000000000000000000000000
00000000000000000000000000000000
00000000000000000000000000000000
00000000000000000000000000000000
00000000000000000000000000000000
00000000000000000000000000000000
00000000000000000000000000000000
00000000000000000000000000000000
00000000000000000000000000000000
00000000000000000000000000000000
00000000000000000000000000000000
00000000000000000000000000000000
00000000000000000000000000000000
00000000000000000000000000000000
00000000000000000000000000000000
00000000000000000000000000000000
00000000000000000000000000000000
00000000000000000000000000000000
00000000000000000000000000000000
00000000000000000000000000000000
00000000000000000000000000000000
00000000000000000000000000000000
00000000000000000000000000000000
00000000000000000000000000000000
00000000000000000000000000000000
00000000000000000000000000000000
00000000000000000000000000000000
00000000000000000000000000000000
00000000000000000000000000000000
00000000000000000000000000000000
00000000000000000000000000000000
00000000000000000000000000000000
00000000000000000000000000000000
00000000000000000000000000000000
00000000000000000000000000000000
00000000000000000000000000000000
00000000000000000000000000000000
00000000000000000000000000000000
00000000000000000000000000000000
00000000000000000000000000000000
00000000000000000000000000000000
00000000000000000000000000000000
00000000000000000000000000000000
00000000000000000000000000000000
00000000000000000000000000000000
00000000000000000000000000000000
00000000000000000000000000000000
00000000000000000000000000000000
00000000000000000000000000000000
00000000000000000000000000000000
00000000000000000000000000000000
00000000000000000000000000000000
00000000000000000000000000000000
00000000000000000000000000000000
00000000000000000000000000000000
00000000000000000000000000000000
00000000000000000000000000000000
00000000000000000000000000000000
00000000000000000000000000000000
00000000000000000000000000000000
00000000000000000000000000000000
00000000000000000000000000000000
00000000000000000000000000000000
00000000000000000000000000000000
00000000000000000000000000000000
00000000000000000000000000000000
00000000000000000000000000000000
00000000000000000000000000000000
00000000000000000000000000000000
00000000000000000000000000000000
00000000000000000000000000000000
00000000000000000000000000000000
00000000000000000000000000000000
00000000000000000000000000000000
00000000000000000000000000000000
00000000000000000000000000000000
00000000000000000000000000000000
00000000000000000000000000000000
00000000000000000000000000000000
00000000000000000000000000000000
00000000000000000000000000000000
00000000000000000000000000000000
00000000000000000000000000000000
00000000000000000000000000000000
00000000000000000000000000000000
00000000000000000000000000000000
00000000000000000000000000000000
00000000000000000000000000000000
00000000000000000000000000000000
00000000000000000000000000000000
00000000000000000000000000000000
00000000000000000000000000000000
00000000000000000000000000000000
00000000000000000000000000000000
00000000000000000000000000000000
00000000000000000000000000000000
00000000000000000000000000000000
00000000000000000000000000000000
00000000000000000000000000000000
00000000000000000000000000000000
00000000000000000000000000000000
00000000000000000000000000000000
00000000000000000000000000000000
00000000000000000000000000000000
00000000000000000000000000000000
00000000000000000000000000000000
00000000000000000000000000000000
00000000000000000000000000000000
00000000000000000000000000000000
00000000000000000000000000000000
00000000000000000000000000000000
00000000000000000000000000000000
00000000000000000000000000000000
00000000000000000000000000000000
00000000000000000000000000000000
00000000000000000000000000000000
00000000000000000000000000000000
00000000000000000000000000000000
00000000000000000000000000000000
00000000000000000000000000000000
00000000000000000000000000000000
00000000000000000000000000000000
00000000000000000000000000000000
00000000000000000000000000000000
00000000000000000000000000000000
00000000000000000000000000000000
00000000000000000000000000000000
00000000000000000000000000000000
00000000000000000000000000000000
00000000000000000000000000000000
00000000000000000000000000000000
00000000000000000000000000000000
00000000000000000000000000000000
00000000000000000000000000000000
00000000000000000000000000000000
00000000000000000000000000000000
00000000000000000000000000000000
00000000000000000000000000000000
00000000000000000000000000000000
00000000000000000000000000000000
00000000000000000000000000000000
00000000000000000000000000000000
00000000000000000000000000000000
00000000000000000000000000000000
00000000000000000000000000000000
00000000000000000000000000000000
00000000000000000000000000000000
00000000000000000000000000000000
00000000000000000000000000000000
00000000000000000000000000000000
00000000000000000000000000000000
00000000000000000000000000000000
00000000000000000000000000000000
00000000000000000000000000000000
00000000000000000000000000000000
00000000000000000000000000000000
00000000000000000000000000000000
00000000000000000000000000000000
00000000000000000000000000000000
00000000000000000000000000000000
00000000000000000000000000000000
00000000000000000000000000000000
00000000000000000000000000000000
00000000000000000000000000000000
00000000000000000000000000000000
00000000000000000000000000000000
00000000000000000000000000000000
00000000000000000000000000000000
00000000000000000000000000000000
00000000000000000000000000000000
00000000000000000000000000000000
00000000000000000000000000000000
00000000000000000000000000000000
00000000000000000000000000000000
00000000000000000000000000000000
00000000000000000000000000000000
00000000000000000000000000000000
00000000000000000000000000000000
00000000000000000000000000000000
00000000000000000000000000000000
00000000000000000000000000000000
00000000000000000000000000000000
00000000000000000000000000000000
00000000000000000000000000000000
00000000000000000000000000000000
00000000000000000000000000000000
00000000000000000000000000000000
00000000000000000000000000000000
00000000000000000000000000000000
00000000000000000000000000000000
00000000000000000000000000000000
00000000000000000000000000000000
00000000000000000000000000000000
00000000000000000000000000000000
00000000000000000000000000000000
00000000000000000000000000000000
00000000000000000000000000000000
00000000000000000000000000000000
00000000000000000000000000000000
00000000000000000000000000000000
00000000000000000000000000000000
00000000000000000000000000000000
00000000000000000000000000000000
00000000000000000000000000000000
00000000000000000000000000000000
00000000000000000000000000000000
00000000000000000000000000000000
00000000000000000000000000000000
00000000000000000000000000000000
00000000000000000000000000000000
00000000000000000000000000000000
00000000000000000000000000000000
00000000000000000000000000000000
00000000000000000000000000000000
00000000000000000000000000000000
00000000000000000000000000000000
00000000000000000000000000000000
00000000000000000000000000000000
00000000000000000000000000000000
00000000000000000000000000000000
00000000000000000000000000000000
00000000000000000000000000000000
00000000000000000000000000000000
00000000000000000000000000000000
00000000000000000000000000000000
00000000000000000000000000000000
00000000000000000000000000000000
00000000000000000000000000000000
00000000000000000000000000000000
00000000000000000000000000000000
00000000000000000000000000000000
00000000000000000000000000000000
00000000000000000000000000000000
00000000000000000000000000000000
00000000000000000000000000000000
00000000000000000000000000000000
00000000000000000000000000000000
00000000000000000000000000000000
00000000000000000000000000000000
00000000000000000000000000000000
00000000000000000000000000000000
00000000000000000000000000000000
00000000000000000000000000000000
00000000000000000000000000000000
00000000000000000000000000000000
00000000000000000000000000000000
00000000000000000000000000000000
00000000000000000000000000000000
00000000000000000000000000000000
00000000000000000000000000000000
00000000000000000000000000000000
00000000000000000000000000000000
00000000000000000000000000000000
00000000000000000000000000000000
00000000000000000000000000000000
00000000000000000000000000000000
00000000000000000000000000000000
00000000000000000000000000000000
00000000000000000000000000000000
00000000000000000000000000000000
00000000000000000000000000000000
00000000000000000000000000000000
00000000000000000000000000000000
00000000000000000000000000000000
00000000000000000000000000000000
00000000000000000000000000000000
00000000000000000000000000000000
00000000000000000000000000000000
00000000000000000000000000000000
00000000000000000000000000000000
00000000000000000000000000000000
00000000000000000000000000000000
00000000000000000000000000000000
00000000000000000000000000000000
00000000000000000000000000000000
00000000000000000000000000000000
00000000000000000000000000000000
00000000000000000000000000000000
00000000000000000000000000000000
00000000000000000000000000000000
00000000000000000000000000000000
00000000000000000000000000000000
00000000000000000000000000000000
00000000000000000000000000000000
00000000000000000000000000000000
00000000000000000000000000000000
00000000000000000000000000000000
00000000000000000000000000000000
00000000000000000000000000000000
00000000000000000000000000000000
00000000000000000000000000000000
00000000000000000000000000000000
00000000000000000000000000000000
00000000000000000000000000000000
00000000000000000000000000000000
00000000000000000000000000000000
00000000000000000000000000000000
00000000000000000000000000000000
00000000000000000000000000000000
00000000000000000000000000000000
00000000000000000000000000000000
00000000000000000000000000000000
00000000000000000000000000000000
00000000000000000000000000000000
00000000000000000000000000000000
00000000000000000000000000000000
00000000000000000000000000000000
00000000000000000000000000000000
00000000000000000000000000000000
00000000000000000000000000000000
00000000000000000000000000000000
00000000000000000000000000000000
00000000000000000000000000000000
00000000000000000000000000000000
00000000000000000000000000000000
00000000000000000000000000000000
00000000000000000000000000000000
00000000000000000000000000000000
00000000000000000000000000000000
00000000000000000000000000000000
00000000000000000000000000000000
00000000000000000000000000000000
00000000000000000000000000000000
00000000000000000000000000000000
00000000000000000000000000000000
00000000000000000000000000000000
00000000000000000000000000000000
00000000000000000000000000000000
00000000000000000000000000000000
00000000000000000000000000000000
00000000000000000000000000000000
00000000000000000000000000000000
00000000000000000000000000000000
00000000000000000000000000000000
00000000000000000000000000000000
00000000000000000000000000000000
00000000000000000000000000000000
00000000000000000000000000000000
00000000000000000000000000000000
00000000000000000000000000000000
00000000000000000000000000000000
00000000000000000000000000000000
00000000000000000000000000000000
00000000000000000000000000000000
00000000000000000000000000000000
00000000000000000000000000000000
00000000000000000000000000000000
00000000000000000000000000000000
00000000000000000000000000000000
00000000000000000000000000000000
00000000000000000000000000000000
00000000000000000000000000000000
00000000000000000000000000000000
00000000000000000000000000000000
00000000000000000000000000000000
00000000000000000000000000000000
00000000000000000000000000000000
00000000000000000000000000000000
00000000000000000000000000000000
00000000000000000000000000000000
00000000000000000000000000000000
00000000000000000000000000000000
00000000000000000000000000000000
00000000000000000000000000000000
00000000000000000000000000000000
00000000000000000000000000000000
00000000000000000000000000000000
00000000000000000000000000000000
00000000000000000000000000000000
00000000000000000000000000000000
00000000000000000000000000000000
00000000000000000000000000000000
00000000000000000000000000000000
00000000000000000000000000000000
00000000000000000000000000000000
00000000000000000000000000000000
00000000000000000000000000000000
00000000000000000000000000000000
00000000000000000000000000000000
00000000000000000000000000000000
00000000000000000000000000000000
00000000000000000000000000000000
00000000000000000000000000000000
00000000000000000000000000000000
00000000000000000000000000000000
00000000000000000000000000000000
00000000000000000000000000000000
00000000000000000000000000000000
00000000000000000000000000000000
00000000000000000000000000000000
00000000000000000000000000000000
00000000000000000000000000000000
00000000000000000000000000000000
00000000000000000000000000000000
00000000000000000000000000000000
00000000000000000000000000000000
00000000000000000000000000000000
00000000000000000000000000000000
00000000000000000000000000000000
00000000000000000000000000000000
00000000000000000000000000000000
00000000000000000000000000000000
00000000000000000000000000000000
00000000000000000000000000000000
00000000000000000000000000000000
00000000000000000000000000000000
00000000000000000000000000000000
00000000000000000000000000000000
00000000000000000000000000000000
00000000000000000000000000000000
00000000000000000000000000000000
00000000000000000000000000000000
00000000000000000000000000000000
00000000000000000000000000000000
00000000000000000000000000000000
00000000000000000000000000000000
00000000000000000000000000000000
00000000000000000000000000000000
00000000000000000000000000000000
00000000000000000000000000000000
00000000000000000000000000000000
00000000000000000000000000000000
00000000000000000000000000000000
00000000000000000000000000000000
00000000000000000000000000000000
00000000000000000000000000000000
00000000000000000000000000000000
00000000000000000000000000000000
00000000000000000000000000000000
00000000000000000000000000000000
00000000000000000000000000000000
00000000000000000000000000000000
00000000000000000000000000000000
00000000000000000000000000000000
00000000000000000000000000000000
00000000000000000000000000000000
00000000000000000000000000000000
00000000000000000000000000000000
00000000000000000000000000000000
00000000000000000000000000000000
00000000000000000000000000000000
00000000000000000000000000000000
00000000000000000000000000000000
00000000000000000000000000000000
00000000000000000000000000000000
00000000000000000000000000000000
00000000000000000000000000000000
00000000000000000000000000000000
00000000000000000000000000000000
00000000000000000000000000000000
00000000000000000000000000000000
00000000000000000000000000000000
00000000000000000000000000000000
00000000000000000000000000000000
00000000000000000000000000000000
00000000000000000000000000000000
00000000000000000000000000000000
00000000000000000000000000000000
00000000000000000000000000000000
00000000000000000000000000000000
00000000000000000000000000000000
00000000000000000000000000000000
00000000000000000000000000000000
00000000000000000000000000000000
00000000000000000000000000000000
00000000000000000000000000000000
00000000000000000000000000000000
00000000000000000000000000000000
00000000000000000000000000000000
00000000000000000000000000000000
00000000000000000000000000000000
00000000000000000000000000000000
00000000000000000000000000000000
00000000000000000000000000000000
00000000000000000000000000000000
00000000000000000000000000000000
00000000000000000000000000000000
00000000000000000000000000000000
00000000000000000000000000000000
00000000000000000000000000000000
00000000000000000000000000000000
00000000000000000000000000000000
00000000000000000000000000000000
00000000000000000000000000000000
00000000000000000000000000000000
00000000000000000000000000000000
00000000000000000000000000000000
00000000000000000000000000000000
00000000000000000000000000000000
00000000000000000000000000000000
00000000000000000000000000000000
00000000000000000000000000000000
00000000000000000000000000000000
00000000000000000000000000000000
00000000000000000000000000000000
00000000000000000000000000000000
00000000000000000000000000000000
00000000000000000000000000000000
00000000000000000000000000000000
00000000000000000000000000000000
00000000000000000000000000000000
00000000000000000000000000000000
00000000000000000000000000000000
00000000000000000000000000000000
00000000000000000000000000000000
00000000000000000000000000000000
00000000000000000000000000000000
00000000000000000000000000000000
00000000000000000000000000000000
00000000000000000000000000000000
00000000000000000000000000000000
00000000000000000000000000000000
00000000000000000000000000000000
00000000000000000000000000000000
00000000000000000000000000000000
00000000000000000000000000000000
00000000000000000000000000000000
00000000000000000000000000000000
00000000000000000000000000000000
00000000000000000000000000000000
00000000000000000000000000000000
00000000000000000000000000000000
00000000000000000000000000000000
00000000000000000000000000000000
00000000000000000000000000000000
00000000000000000000000000000000
00000000000000000000000000000000
00000000000000000000000000000000
00000000000000000000000000000000
00000000000000000000000000000000
00000000000000000000000000000000
00000000000000000000000000000000
00000000000000000000000000000000
00000000000000000000000000000000
00000000000000000000000000000000
00000000000000000000000000000000
00000000000000000000000000000000
00000000000000000000000000000000
00000000000000000000000000000000
00000000000000000000000000000000
00000000000000000000000000000000
00000000000000000000000000000000
00000000000000000000000000000000
00000000000000000000000000000000
00000000000000000000000000000000
00000000000000000000000000000000
00000000000000000000000000000000
00000000000000000000000000000000
00000000000000000000000000000000
00000000000000000000000000000000
00000000000000000000000000000000
00000000000000000000000000000000
00000000000000000000000000000000
00000000000000000000000000000000
00000000000000000000000000000000
00000000000000000000000000000000
00000000000000000000000000000000
00000000000000000000000000000000
00000000000000000000000000000000
00000000000000000000000000000000
00000000000000000000000000000000
00000000000000000000000000000000
00000000000000000000000000000000
00000000000000000000000000000000
00000000000000000000000000000000
00000000000000000000000000000000
00000000000000000000000000000000
00000000000000000000000000000000
00000000000000000000000000000000
00000000000000000000000000000000
00000000000000000000000000000000
00000000000000000000000000000000
00000000000000000000000000000000
00000000000000000000000000000000
00000000000000000000000000000000
00000000000000000000000000000000
00000000000000000000000000000000
00000000000000000000000000000000
00000000000000000000000000000000
00000000000000000000000000000000
00000000000000000000000000000000
00000000000000000000000000000000
00000000000000000000000000000000
00000000000000000000000000000000
00000000000000000000000000000000
00000000000000000000000000000000
00000000000000000000000000000000
00000000000000000000000000000000
00000000000000000000000000000000
00000000000000000000000000000000
00000000000000000000000000000000
00000000000000000000000000000000
00000000000000000000000000000000
00000000000000000000000000000000
00000000000000000000000000000000
00000000000000000000000000000000
00000000000000000000000000000000
00000000000000000000000000000000
00000000000000000000000000000000
00000000000000000000000000000000
00000000000000000000000000000000
00000000000000000000000000000000
00000000000000000000000000000000
00000000000000000000000000000000
00000000000000000000000000000000
00000000000000000000000000000000
00000000000000000000000000000000
00000000000000000000000000000000
00000000000000000000000000000000
00000000000000000000000000000000
00000000000000000000000000000000
00000000000000000000000000000000
00000000000000000000000000000000
00000000000000000000000000000000
00000000000000000000000000000000
00000000000000000000000000000000
00000000000000000000000000000000
00000000000000000000000000000000
00000000000000000000000000000000
00000000000000000000000000000000
00000000000000000000000000000000
00000000000000000000000000000000
00000000000000000000000000000000
00000000000000000000000000000000
00000000000000000000000000000000
00000000000000000000000000000000
00000000000000000000000000000000
00000000000000000000000000000000
00000000000000000000000000000000
00000000000000000000000000000000
00000000000000000000000000000000
00000000000000000000000000000000
00000000000000000000000000000000
00000000000000000000000000000000
00000000000000000000000000000000
00000000000000000000000000000000
00000000000000000000000000000000
00000000000000000000000000000000
00000000000000000000000000000000
00000000000000000000000000000000
00000000000000000000000000000000
00000000000000000000000000000000
00000000000000000000000000000000
00000000000000000000000000000000
00000000000000000000000000000000
00000000000000000000000000000000