
% --------------------------------------------- bier127 ---------------------------------------------

% Name: bier127 ==> 127 Biergaerten in Augsburg (Juenger/Reinelt)
bier127(1,:) = ... % X-Coordinates
    [9860 , 9396 , 11252, 11020, 9512 , 10788, 10208, 11600, 11252, 10672, 11136, 9860 , 10092, ...
     9512 , 10556, 9628 , 10904, 11368, 11252, 10672, 11020, 11020, 11136, 11020, 8468 , 8932 , ...
     9512 , 7772 , 8352 , 9164 , 9744 , 8352 , 8236 , 8468 , 8700 , 8932 , 9048 , 8468 , 8352 , ...
     8236 , 9164 , 8004 , 8584 , 7772 , 7540 , 7424 , 8352 , 7540 , 7888 , 9744 , 9164 , 9744 , ...
     7888 , 8236 , 9512 , 9164 , 8700 , 11716, 12992, 12412, 12296, 12528, 15312, 11716, 11600, ...
     10324, 12412, 12876, 13688, 13688, 13688, 11484, 12296, 12064, 12644, 11832, 11368, 11136, ...
     10556, 10324, 11484, 11484, 11020, 11484, 16936, 17052, 16936, 17052, 13804, 12064, 12180, ...
     14152, 5104 , 6496 , 5684 , 15660, 5336 , 812  , 14384, 11252, 9744 , 10904, 7308 , 16472, ...
     10440, 10672, 1160 , 10788, 15660, 15544, 5336 , 6264 , 11832, 10672, 10208, 12180, 11020, ...
     7656 , 16240, 10440, 9164 , 8004 , 5684 , 9512 , 13688, 11484, 3248];
bier127(2,:) = ... % Y-Coordinates
    [14152, 14616, 14848, 13456, 15776, 13804, 14384, 13456, 14036, 15080, 14152, 13108, 14964, ...
     13340, 13688, 14036, 13108, 12644, 13340, 13340, 13108, 13340, 13572, 13688, 11136, 12064, ...
     12412, 11020, 10672, 12876, 12528, 10324, 11020, 12876, 14036, 13688, 13804, 12296, 12644, ...
     13572, 13340, 12760, 13108, 14732, 15080, 17516, 17052, 16820, 17168, 15196, 14964, 16240, ...
     16936, 15428, 17400, 16008, 15312, 16008, 14964, 14964, 15312, 15196, 6612 , 16124, 19720, ...
     17516, 13340, 12180, 10904, 11716, 12528, 13224, 12760, 12528, 10556, 11252, 12296, 11020, ...
     11948, 11716, 9512 , 7540 , 7424 , 9744 , 12180, 12064, 11832, 11600, 18792, 14964, 15544, ...
     18908, 14616, 17168, 13224, 10788, 10324, 6264 , 20184, 15776, 3132 , 3480 , 14848, 16472, ...
     14036, 13804, 18560, 13572, 11368, 12760, 18908, 19140, 17516, 14152, 15196, 14848, 10208, ...
     17052, 8352 , 14732, 15544, 11020, 11948, 16472, 17516, 8468 , 14152];
bier127_opt_tour_length = 118282; % Known optimum tour length
