
% --------------------------------------------- ch130 ---------------------------------------------

% Name: ch130 ==> 130 city problem (Churritz)
ch130(1,:) = ... % X-Coordinates
    [334.5909245845, 397.6446634067, 503.8741827107, 444.0479403502, 311.6137146746, ...
     662.8551011379, 40.0979030612 , 526.8941409181, 209.1887938487, 683.2674131973, ...
     280.7494438748, 252.7493090080, 698.7850451923, 678.7574678104, 220.0041131179, ...
     355.1528556851, 296.9724227786, 504.5154071733, 224.1079496785, 470.6801296968, ...
     554.2530513223, 567.6332684419, 599.0532671093, 240.5232959211, 32.0825972787 , ...
     91.0538736891 , 248.2179894723, 488.8909044347, 206.0467939820, 575.8409415632, ...
     282.6089948164, 27.6581484868 , 568.5737309870, 269.4638933331, 417.8004856811, ...
     32.1680938737 , 561.4775136009, 342.9482167470, 399.6752075383, 571.7371050025, ...
     370.7559842751, 509.7093253204, 177.0206999750, 526.1674198605, 316.5725171854, ...
     469.2908100279, 572.7630641427, 29.5176994283 , 454.0082936692, 416.1546762271, ...
     535.2514330806, 265.4455533675, 478.0542110167, 370.4781203413, 598.3479202004, ...
     201.1521139175, 193.6925360026, 448.5792598859, 603.2853485624, 543.0102490781, ...
     214.5750793346, 426.3501451825, 89.0447037063 , 84.4920100219 , 220.0468614154, ...
     688.4613313444, 687.2857531630, 75.4934933967 , 63.4170993511 , 97.9363495877 , ...
     399.5255884970, 456.3167017346, 319.8855102422, 295.9250894897, 288.4868857235, ...
     268.3951858954, 140.4709056068, 689.8079027159, 280.5784506848, 453.3884433554, ...
     213.5704943432, 133.6953004520, 521.1658690522, 30.2657946347 , 657.0199585283, ...
     6.9252241961  , 252.4286967767, 42.8551682504 , 145.8999393902, 638.4885715591, ...
     489.2756391122, 361.2231139311, 519.9475425732, 129.3349741063, 259.7172815016, ...
     676.3421890013, 84.5133841706 , 77.7164048671 , 335.9802442534, 264.3554717810, ...
     51.6826916855 , 692.1376849300, 169.2191356800, 194.0131482339, 415.1928395332, ...
     415.0432204919, 169.8389859939, 525.0987124228, 238.6851191283, 116.2112467718, ...
     16.9283258126 , 434.3440768162, 40.5253860363 , 530.4849979086, 484.3595848990, ...
     263.6501248722, 450.2891917862, 441.7822805823, 24.2169105375 , 503.7886861157, ...
     635.5389390312, 614.5922732529, 21.7161351334 , 143.8266469611, 637.7191022040, ...
     566.5645610042, 196.6849168280, 384.9270448985, 178.1107815614, 403.2874386776];
ch130(2,:) = ... % Y-Coordinates
    [161.7809319139, 262.8165330708, 172.8741151168, 384.6491809647, 2.0091699828  , ...
     549.2301263653, 187.2375430791, 215.7079092185, 691.0262291948, 414.2096286906, ...
     5.9206392047  , 535.7430385019, 348.4413729766, 410.7256424438, 409.1225812873, ...
     76.3912076444 , 313.1312792361, 240.8866564499, 358.4872228907, 309.6259188406, ...
     279.4242466521, 352.7162027273, 361.0948690386, 430.6036007844, 345.8551009775, ...
     148.7213270256, 343.9528017384, 3.6122311393  , 437.7639406167, 141.9670960195, ...
     329.4183805862, 424.7684581747, 287.0975660546, 295.9464636385, 341.2596589955, ...
     448.8998721172, 357.3543930067, 492.3321423839, 156.8435035519, 375.7575350833, ...
     151.9060751898, 435.7975189314, 295.6044772584, 409.4859418161, 65.6400108214 , ...
     281.9891445025, 373.3208821255, 330.0382309000, 537.2178547659, 227.6133100741, ...
     471.0648643744, 684.9987192464, 509.6452028741, 332.5390063041, 446.8693279856, ...
     649.0260268945, 680.2322840744, 532.7934059740, 134.4006473609, 481.5168231148, ...
     43.6460117543 , 61.7285415996 , 277.1158385868, 31.8474816424 , 623.0778103080, ...
     0.4702312726  , 373.5346236130, 312.9175377486, 23.7039309674 , 211.0910930878, ...
     170.8221968365, 597.1937161677, 626.8396604886, 664.6291554845, 667.7284070537, ...
     52.9010181645 , 513.5566720960, 167.5947003748, 458.7533546925, 282.9082328989, ...
     525.8681817779, 677.1757808026, 132.8617086506, 450.0754502986, 39.7772908299 , ...
     23.8749241575 , 535.1659364856, 63.8232081774 , 399.5255884970, 62.6262558472 , ...
     665.3131282446, 564.2347787901, 347.9711417040, 435.6692740389, 454.6495181318, ...
     371.0979706551, 183.3260738572, 354.3833863300, 660.6321896676, 377.5743377274, ...
     676.0429509187, 543.8010925819, 547.8194325476, 263.4791316822, 78.9133571973 , ...
     479.0801701569, 245.6103433244, 213.5063718969, 33.4932910965 , 363.5742702940, ...
     656.5711014044, 92.6996831431 , 424.6829615797, 183.8390534273, 49.2460387276 , ...
     426.5852608187, 126.3853415784, 299.7724362653, 500.3474481664, 514.6895019799, ...
     200.9811207275, 418.8691931188, 660.9741760476, 92.6996831431 , 54.2048412384 , ...
     199.9551615873, 221.8209157619, 87.4630166986 , 104.6905805938, 205.8971749407];
ch130_opt_tour = ... % Known optimum tour
    [1  , 41 , 39 , 117, 112, 115, 28 , 62 , 105, 128, 16 , 45 , 5  , 11 , 76 , 109, 61 , 129, ...
     124, 64 , 69 , 86 , 88 , 26 , 7  , 97 , 70 , 107, 127, 104, 43 , 34 , 17 , 31 , 27 , 19 , ...
     100, 15 , 29 , 24 , 116, 95 , 79 , 87 , 12 , 81 , 103, 77 , 94 , 89 , 110, 98 , 68 , 63 , ...
     48 , 25 , 113, 32 , 36 , 84 , 119, 111, 123, 101, 82 , 57 , 9  , 56 , 65 , 52 , 75 , 74 , ...
     99 , 73 , 92 , 38 , 106, 53 , 120, 58 , 49 , 72 , 91 , 6  , 102, 10 , 14 , 67 , 13 , 96 , ...
     122, 55 , 60 , 51 , 42 , 44 , 93 , 37 , 22 , 47 , 40 , 23 , 33 , 21 , 126, 121, 78 , 66 , ...
     85 , 125, 90 , 59 , 30 , 83 , 3  , 114, 108, 8  , 18 , 46 , 80 , 118, 20 , 4  , 35 , 54 , ...
     2  , 50 , 130, 71];
ch130_opt_tour_length = 6110; % Known optimum tour length
ch130_opt_tour_length_calculated = 6110.86; % Calculated optimum tour length
