
% --------------------------------------------- ch150 ---------------------------------------------

% Name: ch150 ==> 150 city Problem (churritz)
ch150(1,:) = ... % X-Coordinates
    [37.4393516691 , 612.1759508571, 38.1312338227 , 53.4418081065 , 143.0606355347, ...
     689.9451267256, 112.7478815786, 141.4875865042, 661.0513901702, 98.7899036592 , ...
     697.3881696597, 536.4894189738, 192.4067320507, 282.7865258765, 240.8251726391, ...
     246.9281323057, 649.7313216456, 352.9658562600, 633.3923676580, 488.3117994040, ...
     141.4039286509, 17.3632612602 , 397.5586451389, 565.7853781464, 475.8975387047, ...
     322.4224566559, 397.5586634023, 672.8618339396, 571.2189680147, 104.6531165914, ...
     356.7098388794, 400.4070255527, 282.3036243109, 58.7766988363 , 189.7506224400, ...
     659.9124120147, 639.0307636033, 415.0258357432, 547.2662016307, 616.6547902644, ...
     494.8592427417, 629.9980812186, 471.1014312410, 138.2440514421, 91.5847556724 , ...
     390.6972811808, 565.1617825137, 54.5248980387 , 334.3508329710, 531.0291024509, ...
     475.7345905802, 228.8325218994, 578.3805347586, 358.9170574485, 486.4648554867, ...
     343.1693707670, 530.3626972076, 498.8065475299, 224.3182715500, 595.8360732590, ...
     661.5588724308, 43.6892045516 , 79.4653452530 , 210.4163247004, 432.2642292251, ...
     623.2487161301, 436.5194739944, 59.4163265482 , 630.9230074073, 579.3265539688, ...
     117.8624507480, 297.7912565664, 22.7642703744 , 259.7095810385, 342.3579873647, ...
     10.0260950143 , 315.2926064118, 220.7044919297, 192.1186059948, 271.5042718992, ...
     530.7320005441, 42.5331441666 , 396.1274792588, 118.6631474021, 395.6913876595, ...
     559.0157105844, 22.6471035906 , 135.6377085256, 141.4507014379, 396.7741299332, ...
     87.7494562765 , 350.4245639661, 216.7010817133, 130.9237737024, 72.6329856671 , ...
     144.6002949996, 212.3725077442, 49.9186786455 , 656.6943525585, 176.5941623792, ...
     500.3825200226, 634.3178678420, 59.7537372726 , 15.2145765106 , 283.0054378872, ...
     146.5389000907, 101.8685605377, 588.1968537448, 457.2628632528, 537.4663680494, ...
     269.3669098585, 239.9045383695, 88.4677500396 , 658.9133693395, 97.7359146347 , ...
     506.6191384007, 500.2566898239, 594.4048565021, 66.2308146610 , 598.4162993909, ...
     172.3088330830, 299.4812851800, 303.8379894831, 197.8969269840, 56.0199567669 , ...
     255.5566183121, 608.4256112402, 70.2722703273 , 398.2298999899, 635.4970237093, ...
     378.3484559418, 484.8029663388, 278.8710882619, 381.6537300653, 557.6070707573, ...
     249.0589749342, 562.9048787838, 398.5504365580, 590.8939720560, 558.2008003726, ...
     461.4114714423, 354.7242881504, 193.6611295657, 352.3140807211, 308.4345709740, ...
     299.5881370080, 334.2748764383, 690.9658585947, 48.0798124069 , 91.6467647724];
ch150(2,:) = ... % Y-Coordinates
    [541.2090699418, 494.3166877396, 353.1484581781, 131.4849013650, 631.7200953923, ...
     468.5354998742, 529.4177578260, 504.8184855710, 445.9375182115, 384.5926031158, ...
     180.3962284275, 287.2279085051, 20.4394059310 , 229.8001556189, 281.5141437200, ...
     322.4613321160, 62.3331575282 , 666.7873101942, 534.9398453712, 437.4869439948, ...
     228.4325551488, 240.2407068508, 231.3591208928, 282.3858748974, 468.5392706317, ...
     550.3165478233, 74.7588387765 , 432.8826409630, 530.2616991530, 482.8224768783, ...
     67.6477131712 , 253.6794479997, 426.8380500923, 507.1712386832, 460.3815233617, ...
     226.6284156239, 467.2302300719, 233.3045376118, 161.6589278401, 339.3409309407, ...
     148.1217856389, 433.4548164038, 314.2219307579, 137.1679919735, 110.0203007516, ...
     423.9774318385, 429.1598152874, 438.5515408431, 153.7969238040, 612.3874827889, ...
     385.7844618897, 410.4461939615, 321.3303494537, 404.4670352898, 593.0429937016, ...
     509.3123571315, 137.6881275684, 576.2102674608, 312.4677490415, 81.8130051356 , ...
     217.0456944477, 305.4722789165, 445.9641737689, 130.7151137038, 629.4092661116, ...
     69.1892850840 , 282.9356456070, 40.1280234442 , 230.3429888130, 601.0359410602, ...
     112.9796833705, 166.3131886803, 455.5340094037, 10.6199925885 , 599.3880182608, ...
     488.9310558282, 273.2275475579, 270.0819745721, 314.1839922798, 225.2921989972, ...
     504.0670155337, 656.3645162886, 539.4648066027, 508.7129103929, 699.5376048429, ...
     560.8866941411, 526.2470392816, 325.8409901555, 485.2477927763, 460.7557115283, ...
     19.6170129082 , 420.6531186835, 466.4816410995, 351.1491733079, 645.7852219213, ...
     457.4224283926, 594.9216893413, 541.4350825349, 558.1109593509, 648.5239953299, ...
     198.7428378322, 612.8291643194, 551.6321886765, 143.0441928532, 376.4439530184, ...
     39.4231794338 , 635.0986850180, 580.5946976921, 350.0164047376, 472.5842276692, ...
     367.4763636538, 102.6297653390, 384.0507209275, 583.9575181023, 157.4558657632, ...
     233.0022156094, 64.9136393489 , 275.8741868990, 24.1317387604 , 414.5557574275, ...
     344.3963466366, 251.8295121320, 21.0526063790 , 512.3888960980, 243.0663818382, ...
     448.8651882442, 222.5421309272, 77.9227026433 , 119.5576573860, 133.3225902609, ...
     272.2907677147, 677.0730379436, 299.9308770828, 360.3337602785, 595.3185092281, ...
     76.6595112599 , 670.0382113114, 392.6493259144, 370.7414913742, 0.4198814512  , ...
     530.5254969413, 685.4045361900, 669.7432521028, 140.3273323662, 115.2054269847, ...
     530.5889619020, 152.1494569394, 134.5793307203, 270.9680673720, 166.3541158474];
ch150_opt_tour = ... % Known optimum tour
    [1  , 98 , 103, 82 , 95 , 107, 5  , 100, 143, 97 , 146, 26 , 75 , 18 , 142, 85 , 65 , 132, ...
     137, 50 , 55 , 58 , 141, 83 , 56 , 90 , 46 , 92 , 54 , 138, 134, 131, 32 , 23 , 38 , 67 , ...
     43 , 109, 51 , 20 , 25 , 110, 81 , 29 , 86 , 135, 70 , 108, 102, 114, 99 , 19 , 2  , 37 , ...
     6  , 28 , 9  , 42 , 120, 47 , 139, 40 , 53 , 118, 24 , 12 , 116, 101, 41 , 57 , 39 , 127, ...
     69 , 36 , 61 , 11 , 148, 130, 17 , 66 , 60 , 140, 117, 129, 27 , 31 , 123, 74 , 13 , 106, ...
     91 , 119, 68 , 128, 45 , 71 , 44 , 64 , 112, 136, 145, 144, 49 , 147, 72 , 80 , 14 , 122, ...
     77 , 133, 15 , 78 , 21 , 150, 115, 4  , 104, 22 , 125, 149, 62 , 3  , 113, 10 , 94 , 88 , ...
     121, 79 , 59 , 16 , 111, 105, 33 , 126, 52 , 93 , 124, 35 , 96 , 89 , 8  , 7  , 84 , 30 , ...
     63 , 48 , 73 , 76 , 34 , 87];
ch150_opt_tour_length = 6528; % Known optimum tour length
ch150_opt_tour_length_calculated = 6532.28; % Calculated optimum tour length
