
% --------------------------------------------- eil101 ---------------------------------------------

% Name: eil101 ==> 101-city problem (Christofides/Eilon)
eil101(1,:) = ... % X-Coordinates
    [41, 35, 55, 55, 15, 25, 20, 10, 55, 30, 20, 50, 30, 15, 30, 10, 5 , 20, 15, 45, 45, 45, ...
     55, 65, 65, 45, 35, 41, 64, 40, 31, 35, 53, 65, 63, 2 , 20, 5 , 60, 40, 42, 24, 23, 11, ...
     6 , 2 , 8 , 13, 6 , 47, 49, 27, 37, 57, 63, 53, 32, 36, 21, 17, 12, 24, 27, 15, 62, 49, ...
     67, 56, 37, 37, 57, 47, 44, 46, 49, 49, 53, 61, 57, 56, 55, 15, 14, 11, 16, 4 , 28, 26, ...
     26, 31, 15, 22, 18, 26, 25, 22, 25, 19, 20, 18, 35];
eil101(2,:) = ... % Y-Coordinates
    [49, 17, 45, 20, 30, 30, 50, 43, 60, 60, 65, 35, 25, 10, 5 , 20, 30, 40, 60, 65, 20, 10, ...
     5 , 35, 20, 30, 40, 37, 42, 60, 52, 69, 52, 55, 65, 60, 20, 5 , 12, 25, 7 , 12, 3 , 14, ...
     38, 48, 56, 52, 68, 47, 58, 43, 31, 29, 23, 12, 12, 26, 24, 34, 24, 58, 69, 77, 77, 73, ...
     5 , 39, 47, 56, 68, 16, 17, 13, 11, 42, 43, 52, 48, 37, 54, 47, 37, 31, 22, 18, 18, 52, ...
     35, 67, 19, 22, 24, 27, 24, 27, 21, 21, 26, 18, 35];
eil101_opt_tour = ... % Known optimum tour
    [1  , 69 , 27 , 101, 53 , 28 , 26 , 12 , 80 , 68 , 29 , 24 , 54 , 55 , 25 , 4  , 39 , 67 , ...
     23 , 56 , 75 , 41 , 22 , 74 , 72 , 73 , 21 , 40 , 58 , 13 , 94 , 95 , 97 , 87 , 2  , 57 , ...
     15 , 43 , 42 , 14 , 44 , 38 , 86 , 16 , 61 , 85 , 91 , 100, 98 , 37 , 92 , 59 , 93 , 99 , ...
     96 , 6  , 89 , 52 , 18 , 83 , 60 , 5  , 84 , 17 , 45 , 8  , 46 , 47 , 36 , 49 , 64 , 63 , ...
     90 , 32 , 10 , 62 , 11 , 19 , 48 , 82 , 7  , 88 , 31 , 70 , 30 , 20 , 66 , 71 , 65 , 35 , ...
     34 , 78 , 81 , 9  , 51 , 33 , 79 , 3  , 77 , 76 , 50];
eil101_opt_tour_length = 629; % Known optimum tour length
eil101_opt_tour_length_calculated = 642.31; % Calculated optimum tour length
