
% --------------------------------------------- eil51 ---------------------------------------------

% Name: eil51 ==> 51-city problem (Christofides/Eilon)
eil51(1,:) = ... % X-Coordinates
    [37, 49, 52, 20, 40, 21, 17, 31, 52, 51, 42, 31, 5 , 12, 36, 52, 27, 17, 13, 57, 62, 42, ...
     16, 8 , 7 , 27, 30, 43, 58, 58, 37, 38, 46, 61, 62, 63, 32, 45, 59, 5 , 10, 21, 5 , 30, ...
     39, 32, 25, 25, 48, 56, 30];
eil51(2,:) = ... % Y-Coordinates
    [52, 49, 64, 26, 30, 47, 63, 62, 33, 21, 41, 32, 25, 42, 16, 41, 23, 33, 13, 58, 42, 57, ...
     57, 52, 38, 68, 48, 67, 48, 27, 69, 46, 10, 33, 63, 69, 22, 35, 15, 6 , 17, 10, 64, 15, ...
     10, 39, 32, 55, 28, 37, 40];
eil51_opt_tour = ... % Known optimum tour
    [1 , 22, 8 , 26, 31, 28, 3 , 36, 35, 20, 2 , 29, 21, 16, 50, 34, 30, 9 , 49, 10, 39, 33, ...
     45, 15, 44, 42, 40, 19, 41, 13, 25, 14, 24, 43, 7 , 23, 48, 6 , 27, 51, 46, 12, 47, 18, ...
     4 , 17, 37, 5 , 38, 11, 32];
eil51_opt_tour_length = 426; % Known optimum tour length
eil51_opt_tour_length_calculated = 429.983; % Calculated optimum tour length
