
% --------------------------------------------- eil76 ---------------------------------------------

% Name: eil76 ==> 76-city problem (Christofides/Eilon)
eil76(1,:) = ... % X-Coordinates
    [22, 36, 21, 45, 55, 33, 50, 55, 26, 40, 55, 35, 62, 62, 62, 21, 33, 9 , 62, 66, 44, 26, ...
     11, 7 , 17, 41, 55, 35, 52, 43, 31, 22, 26, 50, 55, 54, 60, 47, 30, 30, 12, 15, 16, 21, ...
     50, 51, 50, 48, 12, 15, 29, 54, 55, 67, 10, 6 , 65, 40, 70, 64, 36, 30, 20, 15, 50, 57, ...
     45, 38, 50, 66, 59, 35, 27, 40, 40, 40];
eil76(2,:) = ... % Y-Coordinates
    [22, 26, 45, 35, 20, 34, 50, 45, 59, 66, 65, 51, 35, 57, 24, 36, 44, 56, 48, 14, 13, 13, ...
     28, 43, 64, 46, 34, 16, 26, 26, 76, 53, 29, 40, 50, 10, 15, 66, 60, 50, 17, 14, 19, 48, ...
     30, 42, 15, 21, 38, 56, 39, 38, 57, 41, 70, 25, 27, 60, 64, 4 , 6 , 20, 30, 5 , 70, 72, ...
     42, 33, 4 , 8 , 5 , 60, 24, 20, 37, 40];
eil76_opt_tour = ... % Known optimum tour
    [1 , 33, 63, 16, 3 , 44, 32, 9 , 39, 72, 58, 10, 31, 55, 25, 50, 18, 24, 49, 23, 56, 41, ...
     43, 42, 64, 22, 61, 21, 47, 36, 69, 71, 60, 70, 20, 37, 5 , 15, 57, 13, 54, 19, 14, 59, ...
     66, 65, 38, 11, 53, 7 , 35, 8 , 46, 34, 52, 27, 45, 29, 48, 30, 4 , 75, 76, 67, 26, 12, ...
     40, 17, 51, 6 , 68, 2 , 74, 28, 62, 73];
eil76_opt_tour_length = 538; % Known optimum tour length
eil76_opt_tour_length_calculated = 545.388; % Calculated optimum tour length
