
% --------------------------------------------- fl1577 ---------------------------------------------

% Name: fl1577 ==> Drilling problem (Reinelt)
fl1577(1,:) = ... % X-Coordinates
    [1214.88, 1226.70, 1238.53, 1250.35, 1262.18, 1285.82, 1297.65, 1350.85, 1380.41, 1392.24, ...
     1303.56, 1173.50, 1185.32, 1197.15, 1208.97, 1339.03, 1350.85, 1362.68, 1374.50, 1386.32, ...
     1398.15, 1262.18, 1250.35, 1238.53, 1226.70, 1214.88, 1155.76, 1143.94, 1132.11, 1120.29, ...
     1108.47, 1138.03, 1149.85, 1161.67, 1173.50, 1185.32, 1303.56, 1315.38, 1327.20, 1339.03, ...
     1350.85, 1356.77, 1344.94, 1333.12, 1321.29, 1309.47, 1214.88, 1203.06, 1191.23, 1179.41, ...
     1197.15, 1208.97, 1279.91, 1291.73, 1303.56, 1386.32, 1398.15, 1409.97, 1226.70, 1214.88, ...
     1203.06, 1191.23, 1078.91, 1090.73, 1102.56, 1114.38, 1126.20, 1138.03, 1149.85, 1256.26, ...
     1268.09, 1279.91, 1291.73, 1303.56, 1339.03, 1350.85, 1362.68, 1344.94, 1333.12, 1321.29, ...
     1309.47, 1279.91, 1268.09, 1256.26, 1244.44, 1149.85, 1138.03, 1126.20, 1114.38, 1102.56, ...
     1090.73, 1285.82, 1297.65, 1309.47, 1321.29, 1409.97, 1398.15, 1386.32, 1303.56, 1291.73, ...
     1279.91, 1126.20, 1114.38, 1102.56, 1090.73, 1333.12, 1344.94, 1356.77, 1368.59, 1380.41, ...
     1374.50, 1362.68, 1350.85, 1339.03, 1327.20, 1244.44, 1232.62, 1220.79, 1208.97, 1197.15, ...
     1185.32, 1173.50, 1161.67, 1149.85, 1138.03, 1214.88, 1226.70, 1238.53, 1250.35, 1262.18, ...
     1274.00, 1285.82, 1297.65, 1309.47, 1664.18, 670.992, 676.904, 688.728, 700.551, 712.375, ...
     724.199, 736.022, 1670.09, 1681.92, 1693.74, 1705.56, 1717.39, 1729.21, 1865.18, 1853.36, ...
     871.994, 860.171, 777.405, 789.229, 801.053, 812.876, 824.700, 1770.59, 1782.42, 1794.24, ...
     1806.06, 1817.89, 1244.44, 1232.62, 1220.79, 1208.97, 1197.15, 1185.32, 1173.50, 1161.67, ...
     1149.85, 1138.03, 1126.20, 1114.38, 1102.56, 1090.73, 1078.91, 1067.08, 1055.26, 1043.44, ...
     1031.61, 1019.79, 1007.97, 996.143, 984.319, 972.496, 960.672, 948.848, 937.025, 925.201, ...
     913.377, 901.554, 889.730, 877.906, 866.083, 854.259, 842.435, 830.612, 818.788, 806.964, ...
     795.141, 783.317, 771.494, 759.670, 747.846, 736.022, 724.199, 712.375, 700.551, 688.728, ...
     676.904, 665.081, 653.257, 641.433, 629.609, 617.786, 605.962, 594.138, 582.315, 570.491, ...
     558.668, 546.844, 535.020, 523.196, 511.373, 499.549, 487.725, 475.902, 464.078, 452.255, ...
     440.431, 428.607, 416.784, 404.960, 393.136, 381.313, 369.489, 357.665, 345.842, 375.401, ...
     387.224, 399.048, 410.872, 422.696, 434.519, 446.343, 458.166, 469.990, 481.814, 493.637, ...
     505.461, 517.285, 529.108, 540.932, 552.756, 564.579, 576.403, 588.227, 600.050, 611.874, ...
     623.698, 635.521, 647.345, 659.169, 670.992, 682.816, 694.640, 706.463, 718.287, 730.111, ...
     741.934, 753.758, 765.581, 777.405, 789.229, 801.053, 812.876, 824.700, 836.524, 848.347, ...
     860.171, 871.994, 883.818, 895.642, 907.466, 919.289, 931.113, 942.937, 954.760, 966.584, ...
     978.407, 990.231, 1002.05, 1013.88, 1025.70, 1037.53, 1049.35, 1061.17, 1073.00, 1084.82, ...
     1096.64, 1108.47, 1120.29, 1132.11, 1143.94, 1155.76, 1167.59, 1179.41, 1191.23, 1203.06, ...
     1214.88, 2066.18, 2054.36, 2042.54, 2030.71, 2018.89, 2007.07, 1995.24, 1983.42, 1971.59, ...
     1959.77, 1947.95, 1936.12, 1924.30, 1912.48, 1900.65, 1888.83, 1877.01, 1865.18, 1853.36, ...
     1841.54, 1829.71, 1817.89, 1806.06, 1794.24, 1782.42, 1770.59, 1758.77, 1746.95, 1735.12, ...
     1723.30, 1711.47, 1699.65, 1687.83, 1676.00, 1664.18, 1652.36, 1640.53, 1628.71, 1616.89, ...
     1605.06, 1593.24, 1581.41, 1569.59, 1557.77, 1545.94, 1534.12, 1522.30, 1510.47, 1498.65, ...
     1486.82, 1475.00, 1463.18, 1451.35, 1439.53, 1427.71, 1415.88, 1404.06, 1392.24, 1380.41, ...
     1368.59, 1356.77, 1344.94, 1333.12, 1321.29, 1309.47, 1297.65, 1285.82, 1274.00, 1262.18, ...
     1250.35, 1238.53, 1226.70, 1214.88, 1256.26, 1268.09, 1279.91, 1291.73, 1303.56, 1315.38, ...
     1327.20, 1339.03, 1350.85, 1362.68, 1374.50, 1386.32, 1398.15, 1409.97, 1421.80, 1433.62, ...
     1445.44, 1457.27, 1469.09, 1480.91, 1492.74, 1504.56, 1516.38, 1528.21, 1540.03, 1551.85, ...
     1563.68, 1575.50, 1587.33, 1599.15, 1610.97, 1622.80, 1634.62, 1646.44, 1658.27, 1670.09, ...
     1681.92, 1693.74, 1705.56, 1717.39, 1729.21, 1741.03, 1752.86, 1764.68, 1776.51, 1782.42, ...
     1770.59, 1758.77, 1746.95, 1735.12, 1723.30, 1711.47, 1699.65, 1687.83, 1676.00, 1664.18, ...
     1652.36, 1368.59, 1356.77, 1344.94, 1333.12, 1321.29, 1309.47, 1297.65, 1374.50, 1386.32, ...
     1398.15, 1409.97, 1421.80, 1433.62, 1445.44, 1457.27, 1469.09, 1480.91, 1492.74, 1504.56, ...
     1516.38, 1528.21, 1540.03, 1551.85, 1563.68, 1575.50, 1587.33, 1599.15, 1610.97, 1622.80, ...
     1634.62, 1646.44, 1658.27, 1670.09, 1681.92, 1693.74, 1705.56, 1717.39, 1729.21, 1741.03, ...
     1752.86, 1764.68, 1776.51, 1788.33, 1800.15, 1811.98, 1823.80, 1835.62, 1847.45, 1788.33, ...
     1776.51, 1764.68, 1752.86, 1741.03, 1729.21, 1717.39, 1705.56, 1693.74, 1681.92, 1670.09, ...
     1658.27, 1646.44, 1782.42, 1794.24, 1806.06, 1817.89, 1817.89, 1806.06, 1794.24, 1782.42, ...
     1770.59, 1758.77, 1746.95, 1735.12, 1723.30, 1711.47, 1699.65, 1687.83, 1676.00, 1664.18, ...
     1652.36, 1640.53, 1628.71, 1616.89, 1605.06, 1593.24, 1581.41, 1569.59, 1557.77, 1545.94, ...
     1534.12, 1522.30, 1510.47, 1498.65, 1486.82, 1475.00, 1463.18, 1451.35, 1439.53, 1427.71, ...
     1415.88, 1404.06, 1392.24, 1380.41, 1368.59, 1356.77, 1344.94, 1333.12, 1321.29, 1309.47, ...
     1297.65, 1285.82, 1274.00, 1262.18, 1250.35, 1238.53, 1120.29, 1132.11, 1143.94, 1155.76, ...
     1167.59, 1179.41, 1191.23, 1203.06, 1214.88, 1226.70, 1238.53, 1250.35, 1262.18, 1274.00, ...
     1285.82, 1297.65, 1309.47, 1321.29, 1333.12, 1344.94, 1356.77, 1368.59, 1380.41, 1392.24, ...
     1404.06, 1415.88, 1427.71, 1439.53, 1451.35, 1463.18, 1475.00, 1486.82, 1498.65, 1510.47, ...
     1522.30, 1534.12, 1545.94, 1557.77, 1569.59, 1581.41, 1593.24, 1605.06, 1616.89, 1628.71, ...
     1640.53, 1652.36, 1664.18, 1676.00, 1687.83, 1699.65, 1711.47, 1723.30, 1735.12, 1800.15, ...
     1788.33, 1776.51, 1764.68, 1752.86, 1741.03, 1729.21, 1717.39, 1705.56, 1693.74, 1681.92, ...
     1670.09, 1658.27, 1646.44, 1634.62, 1622.80, 1610.97, 1599.15, 1587.33, 1575.50, 1563.68, ...
     1551.85, 1540.03, 1528.21, 1516.38, 1504.56, 1492.74, 1480.91, 1469.09, 1457.27, 1445.44, ...
     1433.62, 1421.80, 1409.97, 1398.15, 1386.32, 1374.50, 1362.68, 1350.85, 1339.03, 1327.20, ...
     1315.38, 1303.56, 1291.73, 1279.91, 1268.09, 1256.26, 1244.44, 1238.53, 1250.35, 1262.18, ...
     1274.00, 1285.82, 1297.65, 1309.47, 1321.29, 1333.12, 1344.94, 1356.77, 1368.59, 1380.41, ...
     1392.24, 1404.06, 1415.88, 1427.71, 1439.53, 1451.35, 1463.18, 1475.00, 1486.82, 1498.65, ...
     1510.47, 1522.30, 1534.12, 1545.94, 1557.77, 1569.59, 1581.41, 1593.24, 1605.06, 1616.89, ...
     1628.71, 1640.53, 1652.36, 1664.18, 1676.00, 1687.83, 1699.65, 1711.47, 1723.30, 1735.12, ...
     1746.95, 1758.77, 1770.59, 1782.42, 1859.27, 1847.45, 1835.62, 1823.80, 1811.98, 1800.15, ...
     1788.33, 1776.51, 1764.68, 1752.86, 1741.03, 1729.21, 1717.39, 1705.56, 1693.74, 1681.92, ...
     1670.09, 1658.27, 1646.44, 1634.62, 1622.80, 1610.97, 1599.15, 1587.33, 1575.50, 1563.68, ...
     1551.85, 1540.03, 1528.21, 1516.38, 1504.56, 1492.74, 1480.91, 1469.09, 1457.27, 1445.44, ...
     1433.62, 1421.80, 1409.97, 1398.15, 1386.32, 1132.11, 1143.94, 1155.76, 1167.59, 1179.41, ...
     1191.23, 1203.06, 1214.88, 1226.70, 1238.53, 1250.35, 1262.18, 1274.00, 1285.82, 1297.65, ...
     1309.47, 1321.29, 1333.12, 1344.94, 1356.77, 1368.59, 1380.41, 1392.24, 1404.06, 1415.88, ...
     1427.71, 1439.53, 1451.35, 1463.18, 1475.00, 1486.82, 1498.65, 1510.47, 1522.30, 1534.12, ...
     1545.94, 1557.77, 1569.59, 1581.41, 1593.24, 1605.06, 1616.89, 1628.71, 1640.53, 1652.36, ...
     1664.18, 1676.00, 1687.83, 1699.65, 1711.47, 1723.30, 1735.12, 1746.95, 1232.62, 1220.79, ...
     1208.97, 1197.15, 1185.32, 1173.50, 1161.67, 1149.85, 1138.03, 1126.20, 1114.38, 1102.56, ...
     1090.73, 1078.91, 1067.08, 1055.26, 1043.44, 1031.61, 1019.79, 1007.97, 996.143, 984.319, ...
     972.496, 960.672, 948.848, 937.025, 925.201, 913.377, 901.554, 889.730, 877.906, 866.083, ...
     854.259, 842.435, 830.612, 818.788, 806.964, 795.141, 783.317, 771.494, 759.670, 747.846, ...
     736.022, 724.199, 712.375, 700.551, 688.728, 676.904, 665.081, 653.257, 641.433, 629.609, ...
     617.786, 605.962, 594.138, 582.315, 570.491, 558.668, 546.844, 535.020, 523.196, 511.373, ...
     499.549, 487.725, 475.902, 464.078, 452.255, 440.431, 428.607, 416.784, 404.960, 393.136, ...
     381.313, 369.489, 357.665, 345.842, 334.018, 1120.29, 1132.11, 1143.94, 1155.76, 1167.59, ...
     1179.41, 1191.23, 1203.06, 1214.88, 1226.70, 1238.53, 1250.35, 1262.18, 1274.00, 1285.82, ...
     1297.65, 1309.47, 1321.29, 1333.12, 1344.94, 1356.77, 1368.59, 1380.41, 1392.24, 1404.06, ...
     1415.88, 1427.71, 1439.53, 1451.35, 1463.18, 1475.00, 1486.82, 1498.65, 1510.47, 1522.30, ...
     1534.12, 1545.94, 1557.77, 1569.59, 1581.41, 1593.24, 1605.06, 1616.89, 1628.71, 1640.53, ...
     1652.36, 1664.18, 1676.00, 1687.83, 1699.65, 1711.47, 1723.30, 1735.12, 1226.70, 1214.88, ...
     1203.06, 1191.23, 1179.41, 1220.79, 1232.62, 1244.44, 1415.88, 1404.06, 1392.24, 1380.41, ...
     1368.59, 1356.77, 1344.94, 1309.47, 1297.65, 1285.82, 1274.00, 1262.18, 1250.35, 1214.88, ...
     1203.06, 1191.23, 1179.41, 1167.59, 1132.11, 1120.29, 1108.47, 1096.64, 1084.82, 1073.00, ...
     1090.73, 1102.56, 1114.38, 1126.20, 1138.03, 1149.85, 1161.67, 1173.50, 1185.32, 1197.15, ...
     1220.79, 1232.62, 1244.44, 1256.26, 1268.09, 1279.91, 1339.03, 1350.85, 1362.68, 1374.50, ...
     1380.41, 1368.59, 1356.77, 1344.94, 1333.12, 1262.18, 1250.35, 1238.53, 1226.70, 1167.59, ...
     1155.76, 1143.94, 1132.11, 1208.97, 1220.79, 1232.62, 1244.44, 1291.73, 1303.56, 1315.38, ...
     1327.20, 1339.03, 1350.85, 1380.41, 1368.59, 1356.77, 1262.18, 1250.35, 1238.53, 1226.70, ...
     1179.41, 1167.59, 1155.76, 1143.94, 1132.11, 1120.29, 1108.47, 1096.64, 1084.82, 1073.00, ...
     1061.17, 1049.35, 1037.53, 1025.70, 1013.88, 1002.05, 990.231, 978.407, 966.584, 954.760, ...
     942.937, 931.113, 919.289, 907.466, 895.642, 883.818, 871.994, 860.171, 848.347, 836.524, ...
     824.700, 812.876, 801.053, 789.229, 777.405, 765.581, 753.758, 741.934, 1173.50, 1279.91, ...
     1291.73, 1303.56, 1315.38, 1339.03, 1350.85, 1362.68, 1374.50, 1386.32, 1398.15, 1409.97, ...
     1321.29, 1226.70, 1214.88, 1203.06, 1090.73, 1102.56, 1114.38, 1126.20, 1138.03, 1208.97, ...
     1220.79, 1232.62, 1256.26, 1268.09, 1279.91, 1291.73, 1350.85, 1333.12, 1321.29, 1309.47, ...
     1214.88, 1203.06, 1191.23, 1143.94, 1138.03, 1149.85, 1232.62, 1244.44, 1368.59, 1356.77, ...
     1274.00, 1167.59, 1155.76, 1143.94, 1132.11, 1120.29, 1108.47, 1386.32, 1398.15, 1392.24, ...
     1380.41, 1368.59, 795.141, 806.964, 818.788, 830.612, 842.435, 854.259, 866.083, 877.906, ...
     889.730, 901.554, 913.377, 925.201, 937.025, 948.848, 960.672, 972.496, 984.319, 996.143, ...
     1007.97, 1019.79, 1031.61, 1043.44, 1055.26, 1067.08, 1078.91, 1090.73, 1102.56, 1114.38, ...
     1126.20, 1138.03, 1149.85, 1161.67, 1173.50, 1185.32, 1197.15, 1208.97, 1220.79, 1368.59, ...
     1380.41, 1392.24, 1404.06, 1415.88, 1427.71, 1439.53, 1451.35, 1463.18, 1475.00, 1486.82, ...
     1498.65, 1510.47, 1522.30, 1534.12, 1545.94, 1557.77, 1569.59, 1581.41, 1593.24, 1605.06, ...
     1616.89, 1628.71, 1640.53, 1652.36, 1664.18, 1676.00, 1687.83, 1699.65, 1711.47, 1723.30, ...
     1735.12, 1746.95, 1758.77, 1770.59, 1782.42, 1794.24, 1806.06, 1817.89, 1829.71, 1841.54, ...
     1853.36, 1865.18, 1877.01, 1888.83, 1900.65, 1912.48, 1924.30, 1936.12, 1947.95, 1959.77, ...
     1971.59, 1983.42, 1995.24, 2007.07, 2018.89, 2030.71, 2042.54, 2054.36, 2066.18, 2078.01, ...
     2089.83, 1220.79, 1208.97, 1197.15, 1185.32, 1888.83, 1877.01, 1865.18, 1853.36, 1841.53, ...
     1829.71, 1817.89, 1806.06, 1794.24, 1782.42, 1770.59, 1758.77, 1723.30, 1711.47, 1664.18, ...
     1640.53, 1616.89, 1605.06, 1569.59, 1557.77, 1534.12, 1522.30, 1510.47, 1498.65, 907.466, ...
     895.642, 883.818, 871.994, 860.171, 848.347, 836.524, 824.700, 812.876, 801.053, 789.229, ...
     777.405, 741.934, 730.111, 682.816, 659.169, 635.521, 623.698, 588.227, 576.403, 552.756, ...
     540.932, 529.108, 517.285, 511.373, 523.196, 570.491, 582.315, 594.138, 629.609, 641.433, ...
     700.551, 712.375, 771.494, 783.317, 795.141, 806.964, 818.788, 830.612, 842.435, 854.259, ...
     866.083, 877.906, 889.730, 901.554, 1492.74, 1504.56, 1551.85, 1563.68, 1575.50, 1610.97, ...
     1622.80, 1681.92, 1693.74, 1752.86, 1764.68, 1776.50, 1788.33, 1800.15, 1811.97, 1823.80, ...
     1835.62, 1847.45, 1859.27, 1871.09, 1882.92, 1888.83, 1877.01, 1865.18, 1853.36, 1841.53, ...
     1829.71, 1817.89, 1806.06, 1794.24, 1782.42, 1770.59, 1758.77, 1711.47, 1699.65, 1687.83, ...
     1652.36, 1640.53, 1557.77, 1545.94, 1534.12, 1498.65, 907.466, 895.642, 883.818, 871.994, ...
     860.171, 848.347, 836.524, 824.700, 812.876, 801.053, 789.229, 777.405, 730.111, 718.287, ...
     706.463, 670.992, 659.169, 576.403, 564.579, 552.756, 517.285, 511.373, 523.196, 546.844, ...
     558.668, 582.315, 605.962, 629.609, 653.257, 665.081, 688.728, 700.551, 712.375, 724.199, ...
     736.022, 747.846, 771.494, 783.317, 795.141, 806.964, 818.788, 830.612, 842.435, 854.259, ...
     866.083, 877.906, 889.730, 901.554, 1492.74, 1504.56, 1528.21, 1540.03, 1563.68, 1587.33, ...
     1610.97, 1634.62, 1646.44, 1670.09, 1681.92, 1693.74, 1705.56, 1717.39, 1729.21, 1752.86, ...
     1764.68, 1776.50, 1788.33, 1800.15, 1811.97, 1823.80, 1835.62, 1847.45, 1859.27, 1871.09, ...
     1882.92, 1888.83, 1877.01, 1865.18, 1853.36, 1841.53, 1829.71, 1817.89, 1806.06, 1794.24, ...
     1782.42, 1770.59, 1758.77, 907.466, 895.642, 883.818, 871.994, 860.171, 848.347, 836.524, ...
     824.700, 812.876, 801.053, 789.229, 777.405, 517.285, 529.108, 540.932, 552.756, 576.403, ...
     588.227, 623.698, 635.521, 659.169, 682.816, 730.111, 741.934, 1498.65, 1510.47, 1522.30, ...
     1534.12, 1557.77, 1569.59, 1605.06, 1616.89, 1640.53, 1664.18, 1711.47, 1723.30, 1882.92, ...
     1871.09, 1859.27, 1847.45, 1835.62, 1823.80, 1811.97, 1800.15, 1788.33, 1776.50, 1764.68, ...
     1752.86, 901.554, 889.730, 877.906, 866.083, 854.259, 842.435, 830.612, 818.788, 806.964, ...
     795.141, 783.317, 771.494, 511.373, 523.196, 570.491, 582.315, 594.138, 629.609, 641.433, ...
     700.551, 712.375, 1492.74, 1504.56, 1551.85, 1563.68, 1575.50, 1610.97, 1622.80, 1681.92, ...
     1693.74, 1888.83, 1877.01, 1865.18, 1853.36, 1841.53, 1829.71, 1817.89, 1806.06, 1794.24, ...
     1782.42, 1770.59, 1758.77, 907.466, 895.642, 883.818, 871.994, 860.171, 848.347, 836.524, ...
     824.700, 812.876, 801.053, 789.229, 777.405, 517.285, 552.756, 564.579, 576.403, 659.169, ...
     670.992, 706.463, 718.287, 730.111, 1498.65, 1534.12, 1545.94, 1557.77, 1640.53, 1652.36, ...
     1687.83, 1699.65, 1711.47, 1882.92, 1871.09, 1859.27, 1847.45, 1835.62, 1823.80, 1811.97, ...
     1800.15, 1788.33, 1776.50, 1764.68, 1752.86, 901.554, 889.730, 877.906, 866.083, 854.259, ...
     842.435, 830.612, 818.788, 806.964, 795.141, 783.317, 771.494, 511.373, 523.196, 546.844, ...
     558.668, 582.315, 605.962, 629.609, 653.257, 665.081, 688.728, 700.551, 712.375, 724.199, ...
     736.022, 747.846, 1492.74, 1504.56, 1528.21, 1540.03, 1563.68, 1587.33, 1610.97, 1634.62, ...
     1646.44, 1670.09, 1681.92, 1693.74, 1705.56, 1717.39, 1729.21];
fl1577(2,:) = ... % Y-Coordinates
    [1959.49, 1959.49, 1959.49, 1959.49, 1959.49, 1959.49, 1959.49, 1965.39, 1971.30, 1971.30, ...
     1953.58, 1941.77, 1941.77, 1941.77, 1941.77, 1941.77, 1941.77, 1941.77, 1941.77, 1941.77, ...
     1941.77, 1935.87, 1935.87, 1935.87, 1935.87, 1935.87, 1935.87, 1935.87, 1935.87, 1935.87, ...
     1935.87, 1929.96, 1929.96, 1929.96, 1929.96, 1929.96, 1929.96, 1929.96, 1929.96, 1929.96, ...
     1929.96, 1924.06, 1924.06, 1924.06, 1924.06, 1924.06, 1924.06, 1924.06, 1924.06, 1924.06, ...
     1918.15, 1918.15, 1918.15, 1918.15, 1918.15, 1918.15, 1918.15, 1918.15, 1912.25, 1912.25, ...
     1912.25, 1912.25, 1906.34, 1906.34, 1906.34, 1906.34, 1906.34, 1906.34, 1906.34, 1906.34, ...
     1906.34, 1906.34, 1906.34, 1906.34, 1906.34, 1906.34, 1906.34, 1900.44, 1900.44, 1900.44, ...
     1900.44, 1894.53, 1894.53, 1894.53, 1894.53, 1894.53, 1894.53, 1894.53, 1894.53, 1894.53, ...
     1894.53, 1888.63, 1888.63, 1888.63, 1888.63, 1882.72, 1882.72, 1882.72, 1882.72, 1882.72, ...
     1882.72, 1882.72, 1882.72, 1882.72, 1882.72, 1876.82, 1876.82, 1876.82, 1876.82, 1876.82, ...
     1870.91, 1870.91, 1870.91, 1870.91, 1870.91, 1870.91, 1870.91, 1870.91, 1870.91, 1870.91, ...
     1870.91, 1870.91, 1870.91, 1870.91, 1870.91, 1865.01, 1865.01, 1865.01, 1865.01, 1865.01, ...
     1865.01, 1865.01, 1865.01, 1865.01, 1746.91, 1746.91, 1741.00, 1741.00, 1741.00, 1741.00, ...
     1741.00, 1741.00, 1741.00, 1741.00, 1741.00, 1741.00, 1741.00, 1741.00, 1723.29, 1723.29, ...
     1723.29, 1723.29, 1522.52, 1522.52, 1522.52, 1522.52, 1522.52, 1522.52, 1522.52, 1522.52, ...
     1522.52, 1522.52, 1516.61, 1516.61, 1516.61, 1516.61, 1516.61, 1516.61, 1516.61, 1516.61, ...
     1516.61, 1516.61, 1516.61, 1516.61, 1516.61, 1516.61, 1516.61, 1516.61, 1516.61, 1516.61, ...
     1516.61, 1516.61, 1516.61, 1516.61, 1516.61, 1516.61, 1516.61, 1516.61, 1516.61, 1516.61, ...
     1516.61, 1516.61, 1516.61, 1516.61, 1516.61, 1516.61, 1516.61, 1516.61, 1516.61, 1516.61, ...
     1516.61, 1516.61, 1516.61, 1516.61, 1516.61, 1516.61, 1516.61, 1516.61, 1516.61, 1516.61, ...
     1516.61, 1516.61, 1516.61, 1516.61, 1516.61, 1516.61, 1516.61, 1516.61, 1516.61, 1516.61, ...
     1516.61, 1516.61, 1516.61, 1516.61, 1516.61, 1516.61, 1516.61, 1516.61, 1516.61, 1516.61, ...
     1516.61, 1516.61, 1516.61, 1516.61, 1516.61, 1516.61, 1516.61, 1516.61, 1516.61, 1487.08, ...
     1487.08, 1487.08, 1487.08, 1487.08, 1487.08, 1487.08, 1487.08, 1487.08, 1487.08, 1487.08, ...
     1487.08, 1487.08, 1487.08, 1487.08, 1487.08, 1487.08, 1487.08, 1487.08, 1487.08, 1487.08, ...
     1487.08, 1487.08, 1487.08, 1487.08, 1487.08, 1487.08, 1487.08, 1487.08, 1487.08, 1487.08, ...
     1487.08, 1487.08, 1487.08, 1487.08, 1487.08, 1487.08, 1487.08, 1487.08, 1487.08, 1487.08, ...
     1487.08, 1487.08, 1487.08, 1487.08, 1487.08, 1487.08, 1487.08, 1487.08, 1487.08, 1487.08, ...
     1487.08, 1487.08, 1487.08, 1487.08, 1487.08, 1487.08, 1487.08, 1487.08, 1487.08, 1487.08, ...
     1487.08, 1487.08, 1487.08, 1487.08, 1487.08, 1487.08, 1487.08, 1487.08, 1487.08, 1487.08, ...
     1487.08, 1475.28, 1475.28, 1475.28, 1475.28, 1475.28, 1475.28, 1475.28, 1475.28, 1475.28, ...
     1475.28, 1475.28, 1475.28, 1475.28, 1475.28, 1475.28, 1475.28, 1475.28, 1475.28, 1475.28, ...
     1475.28, 1475.28, 1475.28, 1475.28, 1475.28, 1475.28, 1475.28, 1475.28, 1475.28, 1475.28, ...
     1475.28, 1475.28, 1475.28, 1475.28, 1475.28, 1475.28, 1475.28, 1475.28, 1475.28, 1475.28, ...
     1475.28, 1475.28, 1475.28, 1475.28, 1475.28, 1475.28, 1475.28, 1475.28, 1475.28, 1475.28, ...
     1475.28, 1475.28, 1475.28, 1475.28, 1475.28, 1475.28, 1475.28, 1475.28, 1475.28, 1475.28, ...
     1475.28, 1475.28, 1475.28, 1475.28, 1475.28, 1475.28, 1475.28, 1475.28, 1475.28, 1475.28, ...
     1475.28, 1475.28, 1475.28, 1475.28, 1445.75, 1445.75, 1445.75, 1445.75, 1445.75, 1445.75, ...
     1445.75, 1445.75, 1445.75, 1445.75, 1445.75, 1445.75, 1445.75, 1445.75, 1445.75, 1445.75, ...
     1445.75, 1445.75, 1445.75, 1445.75, 1445.75, 1445.75, 1445.75, 1445.75, 1445.75, 1445.75, ...
     1445.75, 1445.75, 1445.75, 1445.75, 1445.75, 1445.75, 1445.75, 1445.75, 1445.75, 1445.75, ...
     1445.75, 1445.75, 1445.75, 1445.75, 1445.75, 1445.75, 1445.75, 1445.75, 1445.75, 1416.22, ...
     1416.22, 1416.22, 1416.22, 1416.22, 1416.22, 1416.22, 1416.22, 1416.22, 1416.22, 1416.22, ...
     1416.22, 1416.22, 1416.22, 1416.22, 1416.22, 1416.22, 1416.22, 1416.22, 1410.32, 1410.32, ...
     1410.32, 1410.32, 1410.32, 1410.32, 1410.32, 1410.32, 1410.32, 1410.32, 1410.32, 1410.32, ...
     1410.32, 1410.32, 1410.32, 1410.32, 1410.32, 1410.32, 1410.32, 1410.32, 1410.32, 1410.32, ...
     1410.32, 1410.32, 1410.32, 1410.32, 1410.32, 1410.32, 1410.32, 1410.32, 1410.32, 1410.32, ...
     1410.32, 1410.32, 1410.32, 1410.32, 1410.32, 1410.32, 1410.32, 1410.32, 1410.32, 1398.51, ...
     1398.51, 1398.51, 1398.51, 1398.51, 1398.51, 1398.51, 1398.51, 1398.51, 1398.51, 1398.51, ...
     1398.51, 1398.51, 1392.60, 1392.60, 1392.60, 1392.60, 1274.50, 1274.50, 1274.50, 1274.50, ...
     1274.50, 1274.50, 1274.50, 1274.50, 1274.50, 1274.50, 1274.50, 1274.50, 1274.50, 1274.50, ...
     1274.50, 1274.50, 1274.50, 1274.50, 1274.50, 1274.50, 1274.50, 1274.50, 1274.50, 1274.50, ...
     1274.50, 1274.50, 1274.50, 1274.50, 1274.50, 1274.50, 1274.50, 1274.50, 1274.50, 1274.50, ...
     1274.50, 1274.50, 1274.50, 1274.50, 1274.50, 1274.50, 1274.50, 1274.50, 1274.50, 1274.50, ...
     1274.50, 1274.50, 1274.50, 1274.50, 1274.50, 1274.50, 1250.88, 1250.88, 1250.88, 1250.88, ...
     1250.88, 1250.88, 1250.88, 1250.88, 1250.88, 1250.88, 1250.88, 1250.88, 1250.88, 1250.88, ...
     1250.88, 1250.88, 1250.88, 1250.88, 1250.88, 1250.88, 1250.88, 1250.88, 1250.88, 1250.88, ...
     1250.88, 1250.88, 1250.88, 1250.88, 1250.88, 1250.88, 1250.88, 1250.88, 1250.88, 1250.88, ...
     1250.88, 1250.88, 1250.88, 1250.88, 1250.88, 1250.88, 1250.88, 1250.88, 1250.88, 1250.88, ...
     1250.88, 1250.88, 1250.88, 1250.88, 1250.88, 1250.88, 1250.88, 1250.88, 1250.88, 1244.98, ...
     1244.98, 1244.98, 1244.98, 1244.98, 1244.98, 1244.98, 1244.98, 1244.98, 1244.98, 1244.98, ...
     1244.98, 1244.98, 1244.98, 1244.98, 1244.98, 1244.98, 1244.98, 1244.98, 1244.98, 1244.98, ...
     1244.98, 1244.98, 1244.98, 1244.98, 1244.98, 1244.98, 1244.98, 1244.98, 1244.98, 1244.98, ...
     1244.98, 1244.98, 1244.98, 1244.98, 1244.98, 1244.98, 1244.98, 1244.98, 1244.98, 1244.98, ...
     1244.98, 1244.98, 1244.98, 1244.98, 1244.98, 1244.98, 1244.98, 1227.26, 1227.26, 1227.26, ...
     1227.26, 1227.26, 1227.26, 1227.26, 1227.26, 1227.26, 1227.26, 1227.26, 1227.26, 1227.26, ...
     1227.26, 1227.26, 1227.26, 1227.26, 1227.26, 1227.26, 1227.26, 1227.26, 1227.26, 1227.26, ...
     1227.26, 1227.26, 1227.26, 1227.26, 1227.26, 1227.26, 1227.26, 1227.26, 1227.26, 1227.26, ...
     1227.26, 1227.26, 1227.26, 1227.26, 1227.26, 1227.26, 1227.26, 1227.26, 1227.26, 1227.26, ...
     1227.26, 1227.26, 1227.26, 1227.26, 1221.36, 1221.36, 1221.36, 1221.36, 1221.36, 1221.36, ...
     1221.36, 1221.36, 1221.36, 1221.36, 1221.36, 1221.36, 1221.36, 1221.36, 1221.36, 1221.36, ...
     1221.36, 1221.36, 1221.36, 1221.36, 1221.36, 1221.36, 1221.36, 1221.36, 1221.36, 1221.36, ...
     1221.36, 1221.36, 1221.36, 1221.36, 1221.36, 1221.36, 1221.36, 1221.36, 1221.36, 1221.36, ...
     1221.36, 1221.36, 1221.36, 1221.36, 1221.36, 1156.40, 1156.40, 1156.40, 1156.40, 1156.40, ...
     1156.40, 1156.40, 1156.40, 1156.40, 1156.40, 1156.40, 1156.40, 1156.40, 1156.40, 1156.40, ...
     1156.40, 1156.40, 1156.40, 1156.40, 1156.40, 1156.40, 1156.40, 1156.40, 1156.40, 1156.40, ...
     1156.40, 1156.40, 1156.40, 1156.40, 1156.40, 1156.40, 1156.40, 1156.40, 1156.40, 1156.40, ...
     1156.40, 1156.40, 1156.40, 1156.40, 1156.40, 1156.40, 1156.40, 1156.40, 1156.40, 1156.40, ...
     1156.40, 1156.40, 1156.40, 1156.40, 1156.40, 1156.40, 1156.40, 1156.40, 1150.50, 1150.50, ...
     1150.50, 1150.50, 1150.50, 1150.50, 1150.50, 1150.50, 1150.50, 1150.50, 1150.50, 1150.50, ...
     1150.50, 1150.50, 1150.50, 1150.50, 1150.50, 1150.50, 1150.50, 1150.50, 1150.50, 1150.50, ...
     1150.50, 1150.50, 1150.50, 1150.50, 1150.50, 1150.50, 1150.50, 1150.50, 1150.50, 1150.50, ...
     1150.50, 1150.50, 1150.50, 1150.50, 1150.50, 1150.50, 1150.50, 1150.50, 1150.50, 1150.50, ...
     1150.50, 1150.50, 1150.50, 1150.50, 1150.50, 1150.50, 1150.50, 1150.50, 1150.50, 1150.50, ...
     1150.50, 1150.50, 1150.50, 1150.50, 1150.50, 1150.50, 1150.50, 1150.50, 1150.50, 1150.50, ...
     1150.50, 1150.50, 1150.50, 1150.50, 1150.50, 1150.50, 1150.50, 1150.50, 1150.50, 1150.50, ...
     1150.50, 1150.50, 1150.50, 1150.50, 1150.50, 1144.59, 1144.59, 1144.59, 1144.59, 1144.59, ...
     1144.59, 1144.59, 1144.59, 1144.59, 1144.59, 1144.59, 1144.59, 1144.59, 1144.59, 1144.59, ...
     1144.59, 1144.59, 1144.59, 1144.59, 1144.59, 1144.59, 1144.59, 1144.59, 1144.59, 1144.59, ...
     1144.59, 1144.59, 1144.59, 1144.59, 1144.59, 1144.59, 1144.59, 1144.59, 1144.59, 1144.59, ...
     1144.59, 1144.59, 1144.59, 1144.59, 1144.59, 1144.59, 1144.59, 1144.59, 1144.59, 1144.59, ...
     1144.59, 1144.59, 1144.59, 1144.59, 1144.59, 1144.59, 1144.59, 1144.59, 1002.87, 1002.87, ...
     1002.87, 1002.87, 1002.87, 996.967, 996.967, 996.967, 802.101, 802.101, 802.101, 802.101, ...
     802.101, 802.101, 802.101, 802.101, 802.101, 802.101, 802.101, 802.101, 802.101, 802.101, ...
     802.101, 802.101, 802.101, 802.101, 802.101, 802.101, 802.101, 802.101, 802.101, 802.101, ...
     796.196, 796.196, 796.196, 796.196, 796.196, 796.196, 796.196, 796.196, 796.196, 796.196, ...
     796.196, 796.196, 796.196, 796.196, 796.196, 796.196, 796.196, 796.196, 796.196, 796.196, ...
     790.290, 790.290, 790.290, 790.290, 790.290, 790.290, 790.290, 790.290, 790.290, 790.290, ...
     790.290, 790.290, 790.290, 784.386, 784.386, 784.386, 784.386, 784.386, 784.386, 784.386, ...
     784.386, 784.386, 784.386, 778.481, 778.481, 778.481, 778.481, 778.481, 778.481, 778.481, ...
     778.481, 778.481, 778.481, 778.481, 778.481, 778.481, 778.481, 778.481, 778.481, 778.481, ...
     778.481, 778.481, 778.481, 778.481, 778.481, 778.481, 778.481, 778.481, 778.481, 778.481, ...
     778.481, 778.481, 778.481, 778.481, 778.481, 778.481, 778.481, 778.481, 778.481, 778.481, ...
     778.481, 778.481, 778.481, 778.481, 778.481, 778.481, 778.481, 778.481, 772.576, 772.576, ...
     772.576, 772.576, 772.576, 772.576, 772.576, 772.576, 772.576, 772.576, 772.576, 772.576, ...
     766.670, 766.670, 766.670, 766.670, 760.765, 760.765, 760.765, 760.765, 760.765, 760.765, ...
     760.765, 760.765, 760.765, 760.765, 760.765, 760.765, 760.765, 754.861, 754.861, 754.861, ...
     754.861, 754.861, 754.861, 754.861, 748.955, 748.955, 748.955, 748.955, 743.050, 743.050, ...
     743.050, 731.240, 731.240, 731.240, 731.240, 731.240, 731.240, 725.335, 725.335, 719.430, ...
     719.430, 719.430, 548.184, 548.184, 548.184, 548.184, 548.184, 548.184, 548.184, 548.184, ...
     548.184, 548.184, 548.184, 548.184, 548.184, 548.184, 548.184, 548.184, 548.184, 548.184, ...
     548.184, 548.184, 548.184, 548.184, 548.184, 548.184, 548.184, 548.184, 548.184, 548.184, ...
     548.184, 548.184, 548.184, 548.184, 548.184, 548.184, 548.184, 548.184, 548.184, 601.329, ...
     601.329, 601.329, 601.329, 601.329, 601.329, 601.329, 601.329, 601.329, 601.329, 601.329, ...
     601.329, 601.329, 601.329, 601.329, 601.329, 601.329, 601.329, 601.329, 601.329, 601.329, ...
     601.329, 601.329, 601.329, 601.329, 601.329, 601.329, 601.329, 601.329, 601.329, 601.329, ...
     601.329, 601.329, 601.329, 601.329, 601.329, 601.329, 601.329, 601.329, 601.329, 601.329, ...
     601.329, 601.329, 601.329, 601.329, 601.329, 601.329, 601.329, 601.329, 601.329, 601.329, ...
     601.329, 601.329, 601.329, 601.329, 601.329, 601.329, 601.329, 601.329, 601.329, 601.329, ...
     601.329, 536.374, 536.374, 536.374, 536.374, 2048.06, 2048.06, 2048.06, 2048.06, 2048.06, ...
     2048.06, 2048.06, 2048.06, 2048.06, 2048.06, 2048.06, 2048.06, 2048.06, 2048.06, 2048.06, ...
     2048.06, 2048.06, 2048.06, 2048.06, 2048.06, 2048.06, 2048.06, 2048.06, 2048.06, 2048.06, ...
     2048.06, 2048.06, 2048.06, 2048.06, 2048.06, 2048.06, 2048.06, 2048.06, 2048.06, 2048.06, ...
     2048.06, 2048.06, 2048.06, 2048.06, 2048.06, 2048.06, 2048.06, 2048.06, 2048.06, 2048.06, ...
     2048.06, 2048.06, 2048.06, 2042.16, 2042.16, 2042.16, 2042.16, 2042.16, 2042.16, 2042.16, ...
     2042.16, 2042.16, 2042.16, 2042.16, 2042.16, 2042.16, 2042.16, 2042.16, 2042.16, 2042.16, ...
     2042.16, 2042.16, 2042.16, 2042.16, 2042.16, 2042.16, 2042.16, 2042.16, 2042.16, 2042.16, ...
     2042.16, 2042.16, 2042.16, 2042.16, 2042.16, 2042.16, 2042.16, 2042.16, 2042.16, 2042.16, ...
     2042.16, 2042.16, 2042.16, 2042.16, 2042.16, 2036.25, 2036.25, 2036.25, 2036.25, 2036.25, ...
     2036.25, 2036.25, 2036.25, 2036.25, 2036.25, 2036.25, 2036.25, 2036.25, 2036.25, 2036.25, ...
     2036.25, 2036.25, 2036.25, 2036.25, 2036.25, 2036.25, 2036.25, 2036.25, 2036.25, 2036.25, ...
     2036.25, 2036.25, 2036.25, 2036.25, 2036.25, 2036.25, 2036.25, 2036.25, 2036.25, 2036.25, ...
     2036.25, 2036.25, 2036.25, 2036.25, 2036.25, 2036.25, 2036.25, 2030.35, 2030.35, 2030.35, ...
     2030.35, 2030.35, 2030.35, 2030.35, 2030.35, 2030.35, 2030.35, 2030.35, 2030.35, 2030.35, ...
     2030.35, 2030.35, 2030.35, 2030.35, 2030.35, 2030.35, 2030.35, 2030.35, 2030.35, 2030.35, ...
     2030.35, 2030.35, 2030.35, 2030.35, 2030.35, 2030.35, 2030.35, 2030.35, 2030.35, 2030.35, ...
     2030.35, 2030.35, 2030.35, 2030.35, 2030.35, 2030.35, 2030.35, 2030.35, 2030.35, 2030.35, ...
     2030.35, 2030.35, 2030.35, 2030.35, 2030.35, 2030.35, 2030.35, 2030.35, 2030.35, 2030.35, ...
     2030.35, 170.262, 170.262, 170.262, 170.262, 170.262, 170.262, 170.262, 170.262, 170.262, ...
     170.262, 170.262, 170.262, 170.262, 170.262, 170.262, 170.262, 170.262, 170.262, 170.262, ...
     170.262, 170.262, 170.262, 170.262, 170.262, 170.261, 170.261, 170.261, 170.261, 170.261, ...
     170.261, 170.261, 170.261, 170.261, 170.261, 170.261, 170.261, 170.261, 170.261, 170.261, ...
     170.261, 170.261, 170.261, 170.261, 170.261, 170.261, 170.261, 170.261, 170.261, 164.357, ...
     164.357, 164.357, 164.357, 164.357, 164.357, 164.357, 164.357, 164.357, 164.357, 164.357, ...
     164.357, 164.357, 164.357, 164.357, 164.357, 164.357, 164.357, 164.357, 164.357, 164.357, ...
     164.357, 164.357, 164.357, 164.357, 164.357, 164.357, 164.357, 164.357, 164.357, 164.357, ...
     164.357, 164.357, 164.357, 164.357, 164.357, 164.357, 164.357, 164.357, 164.357, 164.357, ...
     164.357, 158.452, 158.452, 158.452, 158.452, 158.452, 158.452, 158.452, 158.452, 158.452, ...
     158.452, 158.452, 158.452, 158.452, 158.452, 158.452, 158.452, 158.452, 158.452, 158.452, ...
     158.452, 158.452, 158.452, 158.452, 158.452, 158.451, 158.451, 158.451, 158.451, 158.451, ...
     158.451, 158.451, 158.451, 158.451, 158.451, 158.451, 158.451, 158.451, 158.451, 158.451, ...
     158.451, 158.451, 158.451, 152.547, 152.547, 152.547, 152.547, 152.547, 152.547, 152.547, ...
     152.547, 152.547, 152.547, 152.547, 152.547, 152.547, 152.547, 152.547, 152.547, 152.547, ...
     152.547, 152.547, 152.547, 152.547, 152.547, 152.547, 152.547, 152.546, 152.546, 152.546, ...
     152.546, 152.546, 152.546, 152.546, 152.546, 152.546, 152.546, 152.546, 152.546, 152.546, ...
     152.546, 152.546, 152.546, 152.546, 152.546, 152.546, 152.546, 152.546, 152.546, 152.546, ...
     152.546, 152.546, 152.546, 152.546, 152.546, 152.546, 152.546];
fl1577_opt_tour_length = 22249; % Known optimum tour length
