
% --------------------------------------------- fl417 ---------------------------------------------

% Name: fl417 ==> Drilling problem (Reinelt)
fl417(1,:) = ... % X-Coordinates
    [1025.70, 1161.67, 1191.23, 1167.59, 1096.64, 1102.56, 1090.73, 1019.79, 1232.62, 1043.44, ...
     1238.53, 1167.59, 1132.11, 1268.09, 1244.44, 1067.08, 1179.41, 1049.35, 1037.53, 1126.20, ...
     1090.73, 984.319, 1327.20, 1031.61, 996.143, 1049.35, 1185.32, 1114.38, 1315.38, 1291.73, ...
     1078.91, 1013.88, 1735.12, 741.934, 1729.21, 736.022, 1522.30, 529.108, 1185.32, 1569.59, ...
     576.403, 1149.85, 617.786, 1031.61, 1108.47, 753.758, 1031.61, 594.138, 759.670, 605.962, ...
     753.758, 659.169, 1268.09, 594.138, 611.874, 1279.91, 659.169, 1226.70, 1149.85, 1610.97, ...
     1037.53, 1315.38, 1114.38, 1090.73, 1274.00, 1132.11, 1108.47, 1013.88, 1268.09, 1114.38, ...
     1031.61, 1664.18, 1238.53, 1096.64, 1049.35, 978.407, 1232.62, 1185.32, 1078.91, 1055.26, ...
     1019.79, 1214.88, 1191.23, 1167.59, 1084.82, 1073.00, 1232.62, 1161.67, 1262.18, 1250.35, ...
     1179.41, 1025.70, 1268.09, 1244.44, 1173.50, 1132.11, 1120.29, 1019.79, 996.143, 1037.53, ...
     1002.05, 1173.50, 1610.97, 1173.50, 1220.79, 1628.71, 1628.71, 1616.89, 1616.89, 1605.06, ...
     1605.06, 1593.24, 1593.24, 1581.41, 1581.41, 1569.59, 1569.59, 1557.77, 1557.77, 1545.94, ...
     1545.94, 1534.12, 1534.12, 1522.30, 1522.30, 1510.47, 1510.47, 1498.65, 1498.65, 1622.80, ...
     1622.80, 1610.97, 1610.97, 1599.15, 1599.15, 1587.33, 1587.33, 1575.50, 1575.50, 1563.68, ...
     1563.68, 1551.85, 1551.85, 1540.03, 1540.03, 1528.21, 1528.21, 1516.38, 1516.38, 1504.56, ...
     1504.56, 1492.74, 1492.74, 647.346, 647.346, 635.522, 635.522, 623.699, 623.699, 611.875, ...
     611.875, 600.051, 600.051, 588.228, 588.228, 576.404, 576.404, 564.581, 564.581, 552.757, ...
     552.757, 540.933, 540.933, 529.109, 529.109, 517.286, 517.286, 641.434, 641.434, 629.611, ...
     629.611, 617.787, 617.787, 605.963, 605.963, 594.140, 594.140, 582.316, 582.316, 570.492, ...
     570.492, 558.669, 558.669, 546.845, 546.845, 535.022, 535.022, 523.198, 523.198, 511.374, ...
     511.374, 1628.71, 1628.71, 1616.89, 1616.89, 1605.06, 1605.06, 1593.24, 1593.24, 1581.41, ...
     1581.41, 1569.59, 1569.59, 1557.77, 1557.77, 1545.94, 1545.94, 1534.12, 1534.12, 1522.30, ...
     1522.30, 1510.47, 1510.47, 1498.65, 1498.65, 1622.80, 1622.80, 1610.97, 1610.97, 1599.15, ...
     1599.15, 1587.33, 1587.33, 1575.50, 1575.50, 1563.68, 1563.68, 1551.85, 1551.85, 1540.03, ...
     1540.03, 1528.21, 1528.21, 1516.38, 1516.38, 1504.56, 1504.56, 1492.74, 1492.74, 647.346, ...
     647.346, 635.522, 635.522, 623.699, 623.699, 611.875, 611.875, 600.051, 600.051, 588.228, ...
     588.228, 576.404, 576.404, 564.581, 564.581, 552.757, 552.757, 540.933, 540.933, 529.109, ...
     529.109, 517.286, 517.286, 641.434, 641.434, 629.611, 629.611, 617.787, 617.787, 605.963, ...
     605.963, 594.140, 594.140, 582.316, 582.316, 570.492, 570.492, 558.669, 558.669, 546.845, ...
     546.845, 535.022, 535.022, 523.198, 523.198, 511.374, 511.374, 1888.83, 1877.01, 1853.36, ...
     1841.54, 1829.71, 1782.42, 1746.95, 1723.30, 1711.47, 1676.00, 1652.36, 907.466, 895.642, ...
     871.994, 860.171, 848.347, 801.053, 765.581, 741.934, 730.111, 694.640, 670.992, 1871.09, ...
     1800.15, 1776.51, 1752.86, 889.730, 818.788, 795.141, 771.494, 1877.01, 1853.36, 1841.54, ...
     1746.95, 1723.30, 1699.65, 895.642, 871.994, 860.171, 765.581, 741.934, 718.287, 1894.74, ...
     1871.09, 1859.27, 1823.80, 1811.98, 1800.15, 1776.51, 1764.68, 1752.86, 913.377, 889.730, ...
     877.906, 842.435, 830.612, 818.788, 795.141, 783.317, 771.494, 1888.83, 1877.01, 1853.36, ...
     1841.54, 1829.71, 1782.42, 1746.95, 1723.30, 1711.47, 1676.00, 1652.36, 907.466, 895.642, ...
     871.994, 860.171, 848.347, 801.053, 765.581, 741.934, 730.111, 694.640, 670.992, 1871.09, ...
     1800.15, 1776.51, 1752.86, 889.730, 818.788, 795.141, 771.494, 1877.01, 1853.36, 1841.54, ...
     1746.95, 1723.30, 1699.65, 895.642, 871.994, 860.171, 765.581, 741.934, 718.287, 1894.74, ...
     1871.09, 1859.27, 1823.80, 1811.98, 1800.15, 1776.51, 1764.68, 1752.86, 913.377, 889.730, ...
     877.906, 842.435, 830.612, 818.788, 795.141, 783.317, 771.494];
fl417(2,:) = ... % Y-Coordinates
    [1971.30, 1965.39, 1959.49, 1959.49, 1959.49, 1953.58, 1953.58, 1953.58, 1941.77, 1941.77, ...
     1935.87, 1935.87, 1935.87, 1929.96, 1929.96, 1929.96, 1924.06, 1924.06, 1924.06, 1918.15, ...
     1918.15, 1918.15, 1906.34, 1906.34, 1906.34, 1900.44, 1894.53, 1894.53, 1882.72, 1882.72, ...
     1882.72, 1876.82, 1746.91, 1746.91, 1741.00, 1741.00, 1723.29, 1723.29, 1646.52, 1522.52, ...
     1522.52, 1445.75, 1445.75, 1422.13, 1416.22, 1416.22, 1410.32, 1410.32, 1398.51, 1398.51, ...
     1274.50, 1250.88, 1244.98, 1244.98, 1227.26, 1221.36, 1156.40, 1002.87, 996.967, 973.347, ...
     802.101, 796.196, 796.196, 796.196, 790.290, 790.290, 790.290, 790.290, 784.386, 784.386, ...
     784.386, 778.481, 778.481, 778.481, 778.481, 778.481, 772.576, 772.576, 772.576, 772.576, ...
     772.576, 766.670, 766.670, 766.670, 766.670, 766.670, 760.765, 760.765, 754.861, 754.861, ...
     754.861, 754.861, 748.955, 748.955, 748.955, 743.050, 743.050, 725.335, 725.335, 719.430, ...
     719.430, 559.994, 548.184, 548.184, 536.374, 2048.06, 2036.25, 2048.06, 2036.25, 2048.06, ...
     2036.25, 2048.06, 2036.25, 2048.06, 2036.25, 2048.06, 2036.25, 2048.06, 2036.25, 2048.06, ...
     2036.25, 2048.06, 2036.25, 2048.06, 2036.25, 2048.06, 2036.25, 2048.06, 2036.25, 2042.16, ...
     2030.35, 2042.16, 2030.35, 2042.16, 2030.35, 2042.16, 2030.35, 2042.16, 2030.35, 2042.16, ...
     2030.35, 2042.16, 2030.35, 2042.16, 2030.35, 2042.16, 2030.35, 2042.16, 2030.35, 2042.16, ...
     2030.35, 2042.16, 2030.35, 2048.06, 2036.25, 2048.06, 2036.25, 2048.06, 2036.25, 2048.06, ...
     2036.25, 2048.06, 2036.25, 2048.06, 2036.25, 2048.06, 2036.25, 2048.06, 2036.25, 2048.06, ...
     2036.25, 2048.06, 2036.25, 2048.06, 2036.25, 2048.06, 2036.25, 2042.16, 2030.35, 2042.16, ...
     2030.35, 2042.16, 2030.35, 2042.16, 2030.35, 2042.16, 2030.35, 2042.16, 2030.35, 2042.16, ...
     2030.35, 2042.16, 2030.35, 2042.16, 2030.35, 2042.16, 2030.35, 2042.16, 2030.35, 2042.16, ...
     2030.35, 170.262, 158.452, 170.262, 158.452, 170.262, 158.452, 170.262, 158.452, 170.262, ...
     158.452, 170.262, 158.452, 170.262, 158.452, 170.262, 158.452, 170.262, 158.452, 170.262, ...
     158.452, 170.262, 158.452, 170.262, 158.452, 164.357, 152.547, 164.357, 152.547, 164.357, ...
     152.547, 164.357, 152.547, 164.357, 152.547, 164.357, 152.547, 164.357, 152.547, 164.357, ...
     152.547, 164.357, 152.547, 164.357, 152.547, 164.357, 152.547, 164.357, 152.547, 170.262, ...
     158.452, 170.262, 158.452, 170.262, 158.452, 170.262, 158.452, 170.262, 158.452, 170.262, ...
     158.452, 170.262, 158.452, 170.262, 158.452, 170.262, 158.452, 170.262, 158.452, 170.262, ...
     158.452, 170.262, 158.452, 164.357, 152.547, 164.357, 152.547, 164.357, 152.547, 164.357, ...
     152.547, 164.357, 152.547, 164.357, 152.547, 164.357, 152.547, 164.357, 152.547, 164.357, ...
     152.547, 164.357, 152.547, 164.357, 152.547, 164.357, 152.547, 2048.06, 2048.06, 2048.06, ...
     2048.06, 2048.06, 2048.06, 2048.06, 2048.06, 2048.06, 2048.06, 2048.06, 2048.06, 2048.06, ...
     2048.06, 2048.06, 2048.06, 2048.06, 2048.06, 2048.06, 2048.06, 2048.06, 2048.06, 2042.16, ...
     2042.16, 2042.16, 2042.16, 2042.16, 2042.16, 2042.16, 2042.16, 2036.25, 2036.25, 2036.25, ...
     2036.25, 2036.25, 2036.25, 2036.25, 2036.25, 2036.25, 2036.25, 2036.25, 2036.25, 2030.35, ...
     2030.35, 2030.35, 2030.35, 2030.35, 2030.35, 2030.35, 2030.35, 2030.35, 2030.35, 2030.35, ...
     2030.35, 2030.35, 2030.35, 2030.35, 2030.35, 2030.35, 2030.35, 170.261, 170.261, 170.261, ...
     170.261, 170.261, 170.261, 170.261, 170.261, 170.261, 170.261, 170.261, 170.261, 170.261, ...
     170.261, 170.261, 170.261, 170.261, 170.261, 170.261, 170.261, 170.261, 170.261, 164.357, ...
     164.357, 164.357, 164.357, 164.357, 164.357, 164.357, 164.357, 158.451, 158.451, 158.451, ...
     158.451, 158.451, 158.451, 158.451, 158.451, 158.451, 158.451, 158.451, 158.451, 152.546, ...
     152.546, 152.546, 152.546, 152.546, 152.546, 152.546, 152.546, 152.546, 152.546, 152.546, ...
     152.546, 152.546, 152.546, 152.546, 152.546, 152.546, 152.546];
fl417_opt_tour_length = 11861; % Known optimum tour length
