
% --------------------------------------------- fnl4461 ---------------------------------------------

% Name: fnl4461 ==> Die 5 neuen Laender Deutschlands (Ex-DDR) (Bachem/Wottawa)
fnl4461(1,:) = ... % X-Coordinates
    [5639 , 5652 , 5654 , 5659 , 5659 , 5661 , 5663 , 5669 , 5670 , 5671 , 5673 , 5682 , 5690 , ...
     5694 , 5698 , 5698 , 5701 , 5701 , 5712 , 5716 , 5720 , 5722 , 5722 , 5730 , 5731 , 5736 , ...
     5737 , 5738 , 5738 , 5740 , 5741 , 5741 , 5744 , 5744 , 5746 , 5748 , 5748 , 5749 , 5750 , ...
     5756 , 5758 , 5761 , 5762 , 5763 , 5774 , 5776 , 5776 , 5777 , 5779 , 5780 , 5783 , 5784 , ...
     5788 , 5789 , 5790 , 5797 , 5799 , 5799 , 5800 , 5802 , 5804 , 5805 , 5806 , 5808 , 5810 , ...
     5813 , 5817 , 5818 , 5820 , 5822 , 5822 , 5822 , 5825 , 5827 , 5829 , 5833 , 5833 , 5838 , ...
     5840 , 5841 , 5842 , 5844 , 5846 , 5847 , 5847 , 5848 , 5850 , 5851 , 5853 , 5855 , 5859 , ...
     5860 , 5860 , 5861 , 5863 , 5864 , 5867 , 5867 , 5872 , 5873 , 5874 , 5876 , 5878 , 5879 , ...
     5879 , 5884 , 5890 , 5890 , 5891 , 5892 , 5893 , 5895 , 5896 , 5897 , 5898 , 5900 , 5902 , ...
     5902 , 5905 , 5905 , 5906 , 5908 , 5908 , 5909 , 5910 , 5911 , 5912 , 5913 , 5914 , 5917 , ...
     5920 , 5928 , 5932 , 5939 , 5940 , 5940 , 5941 , 5944 , 5945 , 5945 , 5946 , 5947 , 5949 , ...
     5949 , 5953 , 5956 , 5957 , 5959 , 5961 , 5961 , 5962 , 5963 , 5963 , 5964 , 5964 , 5965 , ...
     5966 , 5968 , 5973 , 5975 , 5975 , 5977 , 5977 , 5978 , 5980 , 5981 , 5981 , 5982 , 5984 , ...
     5984 , 5986 , 5986 , 5989 , 5990 , 5991 , 5997 , 5997 , 5998 , 6004 , 6009 , 6010 , 6011 , ...
     6012 , 6015 , 6016 , 6017 , 6019 , 6019 , 6019 , 6020 , 6023 , 6024 , 6025 , 6026 , 6028 , ...
     6029 , 6031 , 6031 , 6033 , 6034 , 6035 , 6036 , 6041 , 6041 , 6041 , 6042 , 6042 , 6045 , ...
     6046 , 6046 , 6052 , 6054 , 6055 , 6058 , 6060 , 6060 , 6062 , 6063 , 6065 , 6065 , 6068 , ...
     6070 , 6071 , 6074 , 6076 , 6076 , 6076 , 6077 , 6077 , 6078 , 6078 , 6080 , 6081 , 6081 , ...
     6082 , 6085 , 6086 , 6087 , 6088 , 6089 , 6090 , 6093 , 6094 , 6097 , 6098 , 6102 , 6105 , ...
     6106 , 6106 , 6108 , 6109 , 6110 , 6111 , 6111 , 6114 , 6114 , 6115 , 6116 , 6116 , 6117 , ...
     6118 , 6120 , 6120 , 6121 , 6122 , 6123 , 6123 , 6124 , 6126 , 6126 , 6127 , 6128 , 6131 , ...
     6133 , 6134 , 6135 , 6135 , 6136 , 6139 , 6141 , 6141 , 6141 , 6142 , 6142 , 6143 , 6143 , ...
     6145 , 6146 , 6146 , 6147 , 6147 , 6147 , 6148 , 6149 , 6150 , 6150 , 6151 , 6153 , 6154 , ...
     6154 , 6155 , 6156 , 6158 , 6158 , 6159 , 6159 , 6160 , 6161 , 6161 , 6162 , 6164 , 6166 , ...
     6166 , 6167 , 6169 , 6172 , 6172 , 6173 , 6174 , 6174 , 6176 , 6176 , 6176 , 6176 , 6177 , ...
     6177 , 6177 , 6180 , 6181 , 6181 , 6182 , 6182 , 6183 , 6184 , 6185 , 6185 , 6186 , 6187 , ...
     6189 , 6189 , 6190 , 6190 , 6190 , 6190 , 6191 , 6193 , 6193 , 6196 , 6196 , 6199 , 6199 , ...
     6200 , 6201 , 6201 , 6202 , 6204 , 6204 , 6204 , 6206 , 6207 , 6208 , 6209 , 6209 , 6210 , ...
     6210 , 6211 , 6212 , 6213 , 6213 , 6215 , 6215 , 6215 , 6217 , 6217 , 6217 , 6217 , 6218 , ...
     6218 , 6219 , 6219 , 6223 , 6224 , 6225 , 6225 , 6227 , 6228 , 6232 , 6233 , 6233 , 6234 , ...
     6234 , 6234 , 6235 , 6236 , 6236 , 6238 , 6239 , 6239 , 6239 , 6240 , 6241 , 6241 , 6241 , ...
     6245 , 6245 , 6245 , 6246 , 6247 , 6248 , 6249 , 6249 , 6249 , 6250 , 6250 , 6250 , 6251 , ...
     6251 , 6252 , 6253 , 6253 , 6254 , 6256 , 6256 , 6256 , 6257 , 6258 , 6258 , 6259 , 6259 , ...
     6262 , 6262 , 6262 , 6263 , 6263 , 6266 , 6266 , 6267 , 6269 , 6270 , 6270 , 6270 , 6272 , ...
     6272 , 6273 , 6273 , 6274 , 6275 , 6276 , 6277 , 6277 , 6277 , 6277 , 6277 , 6278 , 6278 , ...
     6280 , 6280 , 6280 , 6281 , 6282 , 6282 , 6283 , 6283 , 6285 , 6285 , 6285 , 6286 , 6287 , ...
     6287 , 6288 , 6288 , 6289 , 6289 , 6289 , 6291 , 6292 , 6292 , 6293 , 6294 , 6295 , 6295 , ...
     6295 , 6296 , 6298 , 6299 , 6299 , 6300 , 6300 , 6302 , 6302 , 6306 , 6306 , 6311 , 6312 , ...
     6313 , 6313 , 6314 , 6315 , 6317 , 6317 , 6317 , 6317 , 6317 , 6318 , 6318 , 6319 , 6320 , ...
     6320 , 6320 , 6320 , 6320 , 6321 , 6322 , 6322 , 6323 , 6323 , 6323 , 6324 , 6324 , 6325 , ...
     6326 , 6326 , 6327 , 6328 , 6329 , 6329 , 6331 , 6331 , 6332 , 6332 , 6333 , 6334 , 6334 , ...
     6335 , 6338 , 6338 , 6339 , 6339 , 6339 , 6340 , 6340 , 6341 , 6342 , 6342 , 6342 , 6343 , ...
     6344 , 6344 , 6346 , 6346 , 6348 , 6349 , 6350 , 6351 , 6352 , 6352 , 6353 , 6353 , 6353 , ...
     6354 , 6355 , 6356 , 6356 , 6357 , 6357 , 6357 , 6357 , 6357 , 6358 , 6358 , 6359 , 6359 , ...
     6360 , 6360 , 6361 , 6362 , 6362 , 6362 , 6364 , 6365 , 6367 , 6367 , 6368 , 6368 , 6369 , ...
     6370 , 6370 , 6370 , 6371 , 6373 , 6373 , 6373 , 6375 , 6376 , 6376 , 6377 , 6377 , 6378 , ...
     6380 , 6380 , 6380 , 6380 , 6380 , 6381 , 6381 , 6381 , 6382 , 6382 , 6383 , 6384 , 6385 , ...
     6386 , 6389 , 6392 , 6392 , 6392 , 6392 , 6393 , 6393 , 6393 , 6395 , 6395 , 6395 , 6396 , ...
     6396 , 6396 , 6397 , 6397 , 6398 , 6399 , 6399 , 6400 , 6400 , 6401 , 6401 , 6402 , 6402 , ...
     6404 , 6404 , 6404 , 6406 , 6406 , 6407 , 6407 , 6407 , 6407 , 6408 , 6408 , 6408 , 6408 , ...
     6409 , 6410 , 6411 , 6411 , 6412 , 6414 , 6414 , 6415 , 6415 , 6415 , 6416 , 6416 , 6418 , ...
     6419 , 6420 , 6423 , 6424 , 6424 , 6425 , 6426 , 6427 , 6427 , 6429 , 6431 , 6431 , 6431 , ...
     6432 , 6432 , 6433 , 6433 , 6434 , 6437 , 6438 , 6438 , 6438 , 6438 , 6439 , 6439 , 6439 , ...
     6439 , 6440 , 6441 , 6441 , 6441 , 6442 , 6442 , 6442 , 6442 , 6443 , 6443 , 6443 , 6446 , ...
     6447 , 6448 , 6448 , 6448 , 6450 , 6450 , 6450 , 6452 , 6453 , 6453 , 6454 , 6454 , 6455 , ...
     6456 , 6456 , 6456 , 6457 , 6457 , 6457 , 6458 , 6458 , 6459 , 6459 , 6460 , 6460 , 6461 , ...
     6464 , 6465 , 6465 , 6466 , 6466 , 6466 , 6467 , 6469 , 6470 , 6471 , 6471 , 6472 , 6472 , ...
     6473 , 6475 , 6477 , 6477 , 6477 , 6477 , 6479 , 6479 , 6479 , 6480 , 6481 , 6481 , 6482 , ...
     6482 , 6483 , 6484 , 6484 , 6484 , 6484 , 6485 , 6485 , 6486 , 6488 , 6488 , 6488 , 6488 , ...
     6488 , 6491 , 6492 , 6493 , 6493 , 6494 , 6496 , 6496 , 6496 , 6497 , 6498 , 6498 , 6499 , ...
     6499 , 6500 , 6500 , 6500 , 6501 , 6503 , 6503 , 6504 , 6506 , 6506 , 6507 , 6507 , 6510 , ...
     6510 , 6510 , 6511 , 6511 , 6511 , 6512 , 6512 , 6513 , 6513 , 6514 , 6514 , 6514 , 6514 , ...
     6514 , 6515 , 6515 , 6516 , 6516 , 6517 , 6517 , 6518 , 6518 , 6519 , 6519 , 6520 , 6521 , ...
     6522 , 6523 , 6525 , 6525 , 6526 , 6527 , 6527 , 6528 , 6528 , 6528 , 6528 , 6529 , 6529 , ...
     6529 , 6529 , 6530 , 6530 , 6531 , 6532 , 6532 , 6532 , 6533 , 6533 , 6535 , 6535 , 6536 , ...
     6538 , 6540 , 6540 , 6541 , 6541 , 6541 , 6542 , 6543 , 6544 , 6545 , 6546 , 6546 , 6548 , ...
     6548 , 6549 , 6550 , 6551 , 6551 , 6552 , 6553 , 6553 , 6554 , 6554 , 6555 , 6555 , 6555 , ...
     6556 , 6558 , 6559 , 6559 , 6559 , 6560 , 6561 , 6561 , 6562 , 6563 , 6565 , 6565 , 6565 , ...
     6565 , 6566 , 6566 , 6566 , 6566 , 6567 , 6567 , 6567 , 6568 , 6568 , 6569 , 6569 , 6570 , ...
     6572 , 6572 , 6572 , 6573 , 6573 , 6573 , 6573 , 6573 , 6574 , 6574 , 6575 , 6576 , 6577 , ...
     6577 , 6577 , 6578 , 6578 , 6578 , 6579 , 6580 , 6580 , 6581 , 6581 , 6581 , 6582 , 6583 , ...
     6583 , 6583 , 6584 , 6584 , 6585 , 6587 , 6587 , 6588 , 6589 , 6589 , 6590 , 6590 , 6590 , ...
     6591 , 6591 , 6591 , 6596 , 6596 , 6596 , 6596 , 6597 , 6597 , 6597 , 6599 , 6599 , 6599 , ...
     6599 , 6600 , 6600 , 6600 , 6601 , 6602 , 6602 , 6602 , 6604 , 6605 , 6605 , 6605 , 6606 , ...
     6607 , 6607 , 6608 , 6608 , 6608 , 6609 , 6609 , 6611 , 6612 , 6612 , 6613 , 6613 , 6614 , ...
     6615 , 6615 , 6616 , 6616 , 6617 , 6617 , 6617 , 6617 , 6618 , 6619 , 6620 , 6620 , 6620 , ...
     6620 , 6621 , 6621 , 6622 , 6622 , 6622 , 6622 , 6623 , 6623 , 6624 , 6625 , 6625 , 6626 , ...
     6626 , 6627 , 6628 , 6630 , 6631 , 6631 , 6632 , 6634 , 6635 , 6635 , 6635 , 6636 , 6636 , ...
     6637 , 6637 , 6638 , 6638 , 6638 , 6639 , 6640 , 6640 , 6640 , 6642 , 6643 , 6644 , 6644 , ...
     6644 , 6644 , 6645 , 6646 , 6647 , 6649 , 6651 , 6651 , 6653 , 6653 , 6654 , 6654 , 6654 , ...
     6655 , 6657 , 6657 , 6657 , 6659 , 6660 , 6661 , 6661 , 6663 , 6663 , 6663 , 6663 , 6664 , ...
     6664 , 6664 , 6665 , 6666 , 6667 , 6667 , 6667 , 6668 , 6669 , 6669 , 6669 , 6670 , 6670 , ...
     6670 , 6670 , 6670 , 6671 , 6672 , 6673 , 6674 , 6674 , 6674 , 6675 , 6676 , 6677 , 6677 , ...
     6677 , 6678 , 6678 , 6678 , 6680 , 6681 , 6682 , 6683 , 6684 , 6685 , 6685 , 6688 , 6688 , ...
     6689 , 6689 , 6689 , 6690 , 6691 , 6691 , 6691 , 6692 , 6692 , 6693 , 6693 , 6694 , 6695 , ...
     6696 , 6697 , 6700 , 6700 , 6701 , 6704 , 6704 , 6704 , 6704 , 6705 , 6705 , 6706 , 6706 , ...
     6707 , 6708 , 6709 , 6710 , 6711 , 6711 , 6712 , 6712 , 6713 , 6713 , 6715 , 6715 , 6716 , ...
     6716 , 6716 , 6717 , 6717 , 6718 , 6718 , 6718 , 6720 , 6720 , 6720 , 6720 , 6720 , 6721 , ...
     6722 , 6723 , 6723 , 6724 , 6725 , 6725 , 6726 , 6727 , 6727 , 6727 , 6727 , 6729 , 6729 , ...
     6730 , 6731 , 6731 , 6732 , 6733 , 6733 , 6733 , 6734 , 6734 , 6734 , 6734 , 6736 , 6737 , ...
     6737 , 6738 , 6738 , 6738 , 6739 , 6739 , 6740 , 6740 , 6740 , 6742 , 6742 , 6743 , 6744 , ...
     6745 , 6746 , 6746 , 6746 , 6746 , 6748 , 6748 , 6749 , 6749 , 6749 , 6750 , 6751 , 6751 , ...
     6752 , 6752 , 6752 , 6752 , 6753 , 6753 , 6754 , 6755 , 6756 , 6756 , 6756 , 6757 , 6757 , ...
     6757 , 6758 , 6759 , 6760 , 6760 , 6760 , 6762 , 6764 , 6764 , 6764 , 6764 , 6764 , 6765 , ...
     6766 , 6767 , 6769 , 6769 , 6769 , 6770 , 6770 , 6770 , 6773 , 6774 , 6774 , 6776 , 6777 , ...
     6777 , 6777 , 6777 , 6778 , 6779 , 6780 , 6781 , 6782 , 6783 , 6783 , 6783 , 6783 , 6784 , ...
     6785 , 6785 , 6786 , 6786 , 6786 , 6787 , 6788 , 6788 , 6789 , 6790 , 6790 , 6790 , 6791 , ...
     6791 , 6791 , 6792 , 6792 , 6794 , 6795 , 6797 , 6797 , 6798 , 6799 , 6799 , 6800 , 6800 , ...
     6800 , 6800 , 6801 , 6802 , 6802 , 6803 , 6804 , 6804 , 6805 , 6805 , 6805 , 6806 , 6806 , ...
     6807 , 6807 , 6808 , 6808 , 6809 , 6809 , 6810 , 6810 , 6810 , 6812 , 6813 , 6815 , 6815 , ...
     6815 , 6817 , 6819 , 6819 , 6821 , 6822 , 6822 , 6824 , 6824 , 6825 , 6826 , 6826 , 6827 , ...
     6827 , 6827 , 6827 , 6828 , 6828 , 6828 , 6829 , 6829 , 6829 , 6829 , 6829 , 6830 , 6830 , ...
     6831 , 6833 , 6833 , 6833 , 6834 , 6835 , 6835 , 6835 , 6836 , 6836 , 6836 , 6838 , 6838 , ...
     6839 , 6840 , 6840 , 6841 , 6842 , 6843 , 6843 , 6843 , 6843 , 6844 , 6844 , 6845 , 6845 , ...
     6845 , 6846 , 6846 , 6846 , 6847 , 6847 , 6848 , 6848 , 6848 , 6849 , 6849 , 6850 , 6850 , ...
     6851 , 6852 , 6852 , 6852 , 6852 , 6853 , 6854 , 6854 , 6855 , 6855 , 6856 , 6856 , 6856 , ...
     6857 , 6857 , 6857 , 6858 , 6858 , 6859 , 6860 , 6862 , 6863 , 6863 , 6864 , 6864 , 6864 , ...
     6866 , 6867 , 6867 , 6867 , 6868 , 6870 , 6872 , 6873 , 6875 , 6875 , 6877 , 6877 , 6879 , ...
     6879 , 6880 , 6881 , 6881 , 6882 , 6882 , 6883 , 6883 , 6884 , 6884 , 6885 , 6885 , 6886 , ...
     6887 , 6888 , 6888 , 6889 , 6889 , 6889 , 6890 , 6890 , 6891 , 6891 , 6892 , 6892 , 6892 , ...
     6893 , 6893 , 6893 , 6894 , 6894 , 6894 , 6894 , 6895 , 6896 , 6896 , 6896 , 6897 , 6897 , ...
     6898 , 6898 , 6899 , 6899 , 6900 , 6900 , 6900 , 6900 , 6901 , 6902 , 6903 , 6904 , 6904 , ...
     6904 , 6906 , 6906 , 6907 , 6907 , 6907 , 6908 , 6908 , 6909 , 6909 , 6910 , 6912 , 6913 , ...
     6913 , 6913 , 6914 , 6915 , 6915 , 6915 , 6916 , 6917 , 6917 , 6917 , 6917 , 6918 , 6918 , ...
     6918 , 6920 , 6920 , 6920 , 6920 , 6921 , 6921 , 6922 , 6922 , 6922 , 6922 , 6923 , 6923 , ...
     6924 , 6925 , 6927 , 6927 , 6929 , 6929 , 6930 , 6931 , 6931 , 6934 , 6935 , 6935 , 6935 , ...
     6935 , 6936 , 6936 , 6937 , 6937 , 6937 , 6939 , 6939 , 6940 , 6941 , 6941 , 6942 , 6942 , ...
     6943 , 6945 , 6945 , 6946 , 6947 , 6948 , 6948 , 6948 , 6949 , 6950 , 6950 , 6951 , 6951 , ...
     6953 , 6953 , 6953 , 6954 , 6955 , 6955 , 6955 , 6956 , 6956 , 6957 , 6959 , 6960 , 6960 , ...
     6961 , 6962 , 6962 , 6962 , 6964 , 6966 , 6967 , 6967 , 6967 , 6967 , 6968 , 6968 , 6969 , ...
     6972 , 6973 , 6973 , 6973 , 6974 , 6975 , 6975 , 6976 , 6976 , 6976 , 6977 , 6980 , 6980 , ...
     6980 , 6981 , 6981 , 6982 , 6983 , 6984 , 6984 , 6986 , 6987 , 6988 , 6988 , 6988 , 6989 , ...
     6989 , 6989 , 6989 , 6990 , 6990 , 6992 , 6992 , 6993 , 6993 , 6993 , 6994 , 6994 , 6994 , ...
     6995 , 6995 , 6997 , 6997 , 6998 , 6998 , 6999 , 6999 , 7000 , 7001 , 7002 , 7002 , 7003 , ...
     7004 , 7005 , 7006 , 7007 , 7007 , 7008 , 7008 , 7009 , 7009 , 7009 , 7010 , 7010 , 7010 , ...
     7010 , 7011 , 7011 , 7012 , 7012 , 7012 , 7013 , 7013 , 7013 , 7014 , 7014 , 7015 , 7015 , ...
     7016 , 7016 , 7016 , 7017 , 7017 , 7017 , 7018 , 7019 , 7020 , 7021 , 7021 , 7022 , 7022 , ...
     7023 , 7024 , 7025 , 7025 , 7025 , 7026 , 7026 , 7026 , 7027 , 7027 , 7027 , 7030 , 7031 , ...
     7031 , 7031 , 7032 , 7032 , 7033 , 7034 , 7034 , 7034 , 7034 , 7035 , 7037 , 7037 , 7038 , ...
     7039 , 7039 , 7040 , 7040 , 7041 , 7042 , 7042 , 7042 , 7042 , 7043 , 7043 , 7045 , 7046 , ...
     7046 , 7046 , 7046 , 7048 , 7048 , 7048 , 7049 , 7049 , 7049 , 7050 , 7052 , 7052 , 7053 , ...
     7053 , 7053 , 7054 , 7054 , 7055 , 7055 , 7055 , 7057 , 7057 , 7058 , 7058 , 7059 , 7059 , ...
     7060 , 7061 , 7061 , 7061 , 7061 , 7062 , 7063 , 7063 , 7064 , 7065 , 7065 , 7065 , 7065 , ...
     7066 , 7067 , 7067 , 7068 , 7069 , 7070 , 7070 , 7071 , 7071 , 7072 , 7072 , 7073 , 7073 , ...
     7073 , 7074 , 7075 , 7075 , 7077 , 7077 , 7077 , 7077 , 7077 , 7078 , 7078 , 7078 , 7079 , ...
     7080 , 7080 , 7081 , 7082 , 7082 , 7082 , 7084 , 7084 , 7084 , 7085 , 7085 , 7085 , 7085 , ...
     7086 , 7086 , 7086 , 7088 , 7089 , 7089 , 7090 , 7090 , 7090 , 7092 , 7092 , 7094 , 7094 , ...
     7094 , 7096 , 7097 , 7097 , 7098 , 7099 , 7099 , 7100 , 7100 , 7101 , 7101 , 7102 , 7102 , ...
     7102 , 7103 , 7104 , 7104 , 7104 , 7106 , 7107 , 7107 , 7108 , 7109 , 7110 , 7111 , 7111 , ...
     7111 , 7112 , 7112 , 7113 , 7114 , 7114 , 7114 , 7115 , 7115 , 7116 , 7117 , 7117 , 7117 , ...
     7118 , 7119 , 7119 , 7121 , 7121 , 7121 , 7122 , 7123 , 7123 , 7124 , 7124 , 7125 , 7126 , ...
     7126 , 7127 , 7129 , 7129 , 7130 , 7130 , 7131 , 7132 , 7132 , 7132 , 7132 , 7134 , 7134 , ...
     7134 , 7135 , 7135 , 7136 , 7136 , 7137 , 7137 , 7138 , 7138 , 7138 , 7138 , 7138 , 7139 , ...
     7140 , 7140 , 7140 , 7142 , 7142 , 7142 , 7143 , 7143 , 7143 , 7146 , 7146 , 7147 , 7147 , ...
     7149 , 7149 , 7149 , 7151 , 7151 , 7152 , 7152 , 7152 , 7154 , 7154 , 7154 , 7155 , 7156 , ...
     7156 , 7156 , 7157 , 7158 , 7158 , 7158 , 7159 , 7159 , 7160 , 7160 , 7161 , 7161 , 7163 , ...
     7163 , 7163 , 7164 , 7164 , 7164 , 7169 , 7170 , 7171 , 7172 , 7173 , 7174 , 7174 , 7175 , ...
     7175 , 7175 , 7176 , 7176 , 7177 , 7177 , 7177 , 7177 , 7180 , 7180 , 7181 , 7185 , 7186 , ...
     7186 , 7187 , 7187 , 7188 , 7188 , 7190 , 7191 , 7194 , 7195 , 7195 , 7197 , 7197 , 7197 , ...
     7198 , 7198 , 7198 , 7198 , 7199 , 7199 , 7200 , 7200 , 7201 , 7201 , 7202 , 7202 , 7202 , ...
     7202 , 7204 , 7204 , 7205 , 7205 , 7205 , 7205 , 7205 , 7206 , 7206 , 7207 , 7207 , 7208 , ...
     7209 , 7209 , 7210 , 7210 , 7210 , 7210 , 7211 , 7211 , 7212 , 7212 , 7212 , 7213 , 7213 , ...
     7213 , 7214 , 7214 , 7215 , 7215 , 7216 , 7216 , 7217 , 7217 , 7218 , 7218 , 7218 , 7219 , ...
     7221 , 7224 , 7224 , 7225 , 7226 , 7226 , 7226 , 7227 , 7227 , 7227 , 7228 , 7229 , 7230 , ...
     7231 , 7233 , 7234 , 7234 , 7235 , 7235 , 7236 , 7236 , 7236 , 7237 , 7238 , 7239 , 7239 , ...
     7239 , 7240 , 7240 , 7241 , 7241 , 7242 , 7242 , 7242 , 7242 , 7242 , 7243 , 7244 , 7245 , ...
     7246 , 7246 , 7246 , 7247 , 7247 , 7247 , 7249 , 7250 , 7250 , 7250 , 7250 , 7250 , 7250 , ...
     7251 , 7251 , 7252 , 7252 , 7252 , 7254 , 7254 , 7254 , 7254 , 7255 , 7255 , 7255 , 7256 , ...
     7258 , 7258 , 7259 , 7260 , 7260 , 7261 , 7262 , 7263 , 7264 , 7265 , 7265 , 7265 , 7265 , ...
     7266 , 7266 , 7266 , 7268 , 7269 , 7269 , 7269 , 7270 , 7270 , 7271 , 7271 , 7271 , 7272 , ...
     7272 , 7273 , 7273 , 7273 , 7274 , 7274 , 7275 , 7275 , 7275 , 7277 , 7278 , 7279 , 7280 , ...
     7280 , 7280 , 7282 , 7282 , 7283 , 7283 , 7284 , 7284 , 7285 , 7285 , 7286 , 7287 , 7287 , ...
     7287 , 7287 , 7288 , 7288 , 7288 , 7288 , 7288 , 7289 , 7289 , 7290 , 7290 , 7291 , 7292 , ...
     7293 , 7293 , 7293 , 7293 , 7294 , 7295 , 7295 , 7296 , 7296 , 7296 , 7297 , 7297 , 7298 , ...
     7298 , 7298 , 7298 , 7299 , 7299 , 7300 , 7301 , 7301 , 7302 , 7302 , 7303 , 7304 , 7304 , ...
     7306 , 7306 , 7307 , 7310 , 7310 , 7310 , 7311 , 7311 , 7312 , 7312 , 7312 , 7313 , 7313 , ...
     7314 , 7314 , 7316 , 7317 , 7318 , 7319 , 7320 , 7320 , 7321 , 7321 , 7322 , 7323 , 7323 , ...
     7323 , 7323 , 7324 , 7324 , 7326 , 7326 , 7326 , 7327 , 7328 , 7328 , 7329 , 7330 , 7330 , ...
     7330 , 7332 , 7332 , 7332 , 7336 , 7336 , 7336 , 7337 , 7338 , 7339 , 7339 , 7339 , 7340 , ...
     7340 , 7341 , 7342 , 7343 , 7344 , 7344 , 7345 , 7345 , 7346 , 7346 , 7346 , 7348 , 7349 , ...
     7349 , 7349 , 7349 , 7349 , 7350 , 7350 , 7350 , 7350 , 7352 , 7352 , 7352 , 7352 , 7353 , ...
     7353 , 7353 , 7354 , 7354 , 7354 , 7355 , 7355 , 7355 , 7356 , 7357 , 7357 , 7358 , 7358 , ...
     7359 , 7359 , 7360 , 7360 , 7363 , 7363 , 7364 , 7365 , 7366 , 7367 , 7367 , 7367 , 7367 , ...
     7367 , 7368 , 7369 , 7369 , 7370 , 7370 , 7372 , 7372 , 7372 , 7372 , 7374 , 7374 , 7375 , ...
     7376 , 7377 , 7377 , 7377 , 7377 , 7377 , 7378 , 7379 , 7379 , 7379 , 7379 , 7380 , 7380 , ...
     7380 , 7380 , 7380 , 7381 , 7381 , 7382 , 7383 , 7383 , 7384 , 7384 , 7385 , 7386 , 7386 , ...
     7387 , 7387 , 7390 , 7390 , 7390 , 7391 , 7391 , 7392 , 7392 , 7393 , 7393 , 7394 , 7395 , ...
     7397 , 7397 , 7397 , 7398 , 7398 , 7398 , 7398 , 7399 , 7399 , 7399 , 7400 , 7400 , 7401 , ...
     7401 , 7401 , 7402 , 7403 , 7404 , 7404 , 7404 , 7405 , 7406 , 7406 , 7409 , 7409 , 7410 , ...
     7410 , 7410 , 7411 , 7411 , 7412 , 7412 , 7413 , 7413 , 7413 , 7414 , 7416 , 7416 , 7416 , ...
     7416 , 7417 , 7418 , 7419 , 7421 , 7421 , 7421 , 7423 , 7423 , 7423 , 7423 , 7423 , 7424 , ...
     7424 , 7425 , 7426 , 7426 , 7426 , 7427 , 7427 , 7427 , 7428 , 7429 , 7430 , 7431 , 7431 , ...
     7432 , 7433 , 7434 , 7434 , 7435 , 7436 , 7436 , 7437 , 7438 , 7438 , 7438 , 7438 , 7439 , ...
     7439 , 7440 , 7441 , 7442 , 7442 , 7443 , 7444 , 7444 , 7445 , 7445 , 7446 , 7447 , 7447 , ...
     7448 , 7449 , 7449 , 7450 , 7451 , 7451 , 7452 , 7452 , 7454 , 7454 , 7455 , 7456 , 7456 , ...
     7459 , 7462 , 7462 , 7462 , 7464 , 7465 , 7466 , 7466 , 7467 , 7467 , 7468 , 7469 , 7471 , ...
     7472 , 7472 , 7473 , 7474 , 7475 , 7475 , 7475 , 7475 , 7476 , 7476 , 7477 , 7477 , 7478 , ...
     7478 , 7478 , 7478 , 7478 , 7478 , 7479 , 7479 , 7479 , 7480 , 7480 , 7481 , 7482 , 7483 , ...
     7483 , 7483 , 7483 , 7483 , 7484 , 7485 , 7485 , 7485 , 7486 , 7487 , 7487 , 7489 , 7489 , ...
     7489 , 7490 , 7490 , 7490 , 7490 , 7493 , 7493 , 7494 , 7494 , 7498 , 7498 , 7499 , 7499 , ...
     7500 , 7501 , 7501 , 7502 , 7502 , 7503 , 7503 , 7503 , 7503 , 7504 , 7504 , 7504 , 7506 , ...
     7506 , 7507 , 7507 , 7507 , 7508 , 7508 , 7508 , 7508 , 7509 , 7510 , 7511 , 7511 , 7512 , ...
     7512 , 7512 , 7514 , 7514 , 7514 , 7515 , 7515 , 7515 , 7517 , 7518 , 7518 , 7519 , 7519 , ...
     7519 , 7519 , 7519 , 7520 , 7522 , 7522 , 7523 , 7524 , 7524 , 7524 , 7525 , 7526 , 7527 , ...
     7528 , 7529 , 7530 , 7530 , 7531 , 7531 , 7531 , 7532 , 7532 , 7533 , 7535 , 7535 , 7535 , ...
     7537 , 7539 , 7539 , 7542 , 7542 , 7543 , 7544 , 7544 , 7545 , 7545 , 7546 , 7546 , 7546 , ...
     7547 , 7547 , 7549 , 7550 , 7550 , 7550 , 7551 , 7551 , 7552 , 7552 , 7552 , 7553 , 7553 , ...
     7554 , 7554 , 7555 , 7555 , 7555 , 7556 , 7556 , 7556 , 7557 , 7557 , 7558 , 7561 , 7561 , ...
     7562 , 7563 , 7563 , 7564 , 7565 , 7565 , 7565 , 7566 , 7566 , 7567 , 7568 , 7568 , 7569 , ...
     7569 , 7569 , 7569 , 7569 , 7569 , 7570 , 7572 , 7572 , 7572 , 7572 , 7572 , 7573 , 7573 , ...
     7574 , 7574 , 7575 , 7576 , 7577 , 7577 , 7578 , 7579 , 7579 , 7580 , 7580 , 7581 , 7582 , ...
     7582 , 7583 , 7584 , 7585 , 7585 , 7587 , 7587 , 7588 , 7588 , 7589 , 7589 , 7590 , 7590 , ...
     7592 , 7592 , 7592 , 7593 , 7594 , 7595 , 7595 , 7595 , 7596 , 7597 , 7597 , 7598 , 7598 , ...
     7598 , 7600 , 7600 , 7600 , 7601 , 7601 , 7602 , 7602 , 7604 , 7604 , 7605 , 7606 , 7607 , ...
     7607 , 7607 , 7607 , 7607 , 7611 , 7611 , 7613 , 7613 , 7613 , 7614 , 7615 , 7615 , 7615 , ...
     7616 , 7617 , 7617 , 7618 , 7618 , 7618 , 7619 , 7620 , 7620 , 7624 , 7625 , 7625 , 7626 , ...
     7626 , 7626 , 7627 , 7628 , 7628 , 7629 , 7629 , 7630 , 7630 , 7630 , 7632 , 7632 , 7633 , ...
     7633 , 7633 , 7633 , 7634 , 7634 , 7635 , 7635 , 7635 , 7636 , 7636 , 7636 , 7637 , 7638 , ...
     7639 , 7639 , 7639 , 7639 , 7640 , 7640 , 7640 , 7642 , 7642 , 7642 , 7644 , 7644 , 7644 , ...
     7646 , 7646 , 7646 , 7648 , 7648 , 7649 , 7650 , 7650 , 7650 , 7651 , 7652 , 7653 , 7653 , ...
     7653 , 7653 , 7654 , 7654 , 7654 , 7654 , 7655 , 7656 , 7657 , 7658 , 7658 , 7659 , 7659 , ...
     7659 , 7659 , 7660 , 7660 , 7660 , 7661 , 7662 , 7663 , 7663 , 7664 , 7665 , 7665 , 7665 , ...
     7665 , 7667 , 7667 , 7667 , 7668 , 7669 , 7669 , 7671 , 7672 , 7672 , 7675 , 7676 , 7676 , ...
     7677 , 7677 , 7677 , 7678 , 7680 , 7680 , 7680 , 7681 , 7682 , 7684 , 7684 , 7685 , 7685 , ...
     7686 , 7686 , 7687 , 7688 , 7689 , 7690 , 7690 , 7691 , 7691 , 7691 , 7692 , 7692 , 7693 , ...
     7693 , 7693 , 7693 , 7693 , 7693 , 7694 , 7695 , 7695 , 7696 , 7696 , 7696 , 7696 , 7696 , ...
     7696 , 7698 , 7698 , 7699 , 7699 , 7699 , 7699 , 7700 , 7700 , 7700 , 7700 , 7701 , 7702 , ...
     7702 , 7704 , 7704 , 7704 , 7705 , 7706 , 7706 , 7707 , 7707 , 7708 , 7708 , 7708 , 7709 , ...
     7709 , 7710 , 7711 , 7712 , 7713 , 7713 , 7714 , 7715 , 7715 , 7716 , 7717 , 7718 , 7719 , ...
     7719 , 7719 , 7720 , 7720 , 7720 , 7720 , 7721 , 7721 , 7721 , 7721 , 7723 , 7723 , 7725 , ...
     7725 , 7725 , 7726 , 7727 , 7730 , 7731 , 7731 , 7732 , 7732 , 7736 , 7737 , 7737 , 7737 , ...
     7739 , 7739 , 7739 , 7740 , 7740 , 7741 , 7741 , 7741 , 7744 , 7745 , 7745 , 7745 , 7747 , ...
     7747 , 7747 , 7747 , 7748 , 7749 , 7749 , 7749 , 7749 , 7750 , 7752 , 7752 , 7752 , 7753 , ...
     7753 , 7753 , 7753 , 7754 , 7754 , 7754 , 7754 , 7755 , 7755 , 7756 , 7758 , 7758 , 7759 , ...
     7759 , 7760 , 7760 , 7762 , 7762 , 7762 , 7762 , 7765 , 7766 , 7766 , 7766 , 7767 , 7769 , ...
     7770 , 7770 , 7770 , 7770 , 7770 , 7771 , 7771 , 7772 , 7772 , 7773 , 7773 , 7774 , 7775 , ...
     7778 , 7779 , 7779 , 7779 , 7780 , 7780 , 7781 , 7781 , 7782 , 7782 , 7784 , 7784 , 7785 , ...
     7785 , 7786 , 7786 , 7787 , 7787 , 7787 , 7788 , 7789 , 7789 , 7789 , 7790 , 7790 , 7791 , ...
     7791 , 7792 , 7792 , 7792 , 7794 , 7794 , 7794 , 7795 , 7795 , 7796 , 7796 , 7796 , 7797 , ...
     7797 , 7798 , 7799 , 7799 , 7799 , 7801 , 7802 , 7802 , 7803 , 7803 , 7804 , 7805 , 7806 , ...
     7807 , 7807 , 7808 , 7808 , 7809 , 7809 , 7810 , 7810 , 7810 , 7810 , 7810 , 7811 , 7812 , ...
     7812 , 7813 , 7813 , 7814 , 7814 , 7816 , 7817 , 7817 , 7817 , 7818 , 7819 , 7819 , 7819 , ...
     7820 , 7820 , 7820 , 7823 , 7824 , 7824 , 7824 , 7824 , 7826 , 7826 , 7826 , 7826 , 7828 , ...
     7828 , 7830 , 7831 , 7832 , 7832 , 7833 , 7834 , 7834 , 7835 , 7835 , 7835 , 7836 , 7836 , ...
     7836 , 7837 , 7837 , 7837 , 7837 , 7838 , 7838 , 7839 , 7839 , 7840 , 7840 , 7840 , 7841 , ...
     7841 , 7843 , 7843 , 7844 , 7847 , 7848 , 7849 , 7851 , 7851 , 7851 , 7851 , 7851 , 7852 , ...
     7852 , 7853 , 7854 , 7854 , 7854 , 7855 , 7855 , 7856 , 7856 , 7856 , 7856 , 7857 , 7857 , ...
     7859 , 7859 , 7860 , 7860 , 7860 , 7861 , 7861 , 7862 , 7862 , 7862 , 7862 , 7863 , 7864 , ...
     7865 , 7865 , 7865 , 7865 , 7866 , 7867 , 7867 , 7868 , 7869 , 7869 , 7869 , 7870 , 7871 , ...
     7872 , 7872 , 7873 , 7873 , 7874 , 7874 , 7875 , 7875 , 7876 , 7877 , 7877 , 7877 , 7878 , ...
     7878 , 7878 , 7878 , 7879 , 7880 , 7881 , 7881 , 7884 , 7884 , 7885 , 7886 , 7887 , 7887 , ...
     7889 , 7889 , 7890 , 7890 , 7890 , 7891 , 7892 , 7892 , 7892 , 7893 , 7894 , 7896 , 7896 , ...
     7897 , 7897 , 7897 , 7899 , 7900 , 7900 , 7902 , 7902 , 7902 , 7903 , 7904 , 7905 , 7906 , ...
     7906 , 7906 , 7907 , 7907 , 7909 , 7909 , 7910 , 7911 , 7911 , 7912 , 7912 , 7913 , 7913 , ...
     7914 , 7914 , 7915 , 7915 , 7915 , 7917 , 7918 , 7918 , 7918 , 7918 , 7919 , 7919 , 7920 , ...
     7920 , 7921 , 7921 , 7923 , 7923 , 7924 , 7924 , 7925 , 7925 , 7925 , 7926 , 7926 , 7926 , ...
     7927 , 7928 , 7929 , 7930 , 7930 , 7930 , 7931 , 7931 , 7932 , 7932 , 7932 , 7934 , 7934 , ...
     7935 , 7935 , 7935 , 7936 , 7937 , 7937 , 7938 , 7938 , 7938 , 7938 , 7940 , 7940 , 7940 , ...
     7944 , 7945 , 7946 , 7947 , 7947 , 7949 , 7951 , 7952 , 7952 , 7952 , 7952 , 7953 , 7953 , ...
     7954 , 7955 , 7958 , 7959 , 7959 , 7959 , 7961 , 7961 , 7961 , 7962 , 7963 , 7963 , 7964 , ...
     7964 , 7965 , 7965 , 7966 , 7966 , 7966 , 7966 , 7967 , 7967 , 7967 , 7967 , 7971 , 7971 , ...
     7971 , 7971 , 7972 , 7973 , 7973 , 7974 , 7975 , 7975 , 7976 , 7978 , 7978 , 7979 , 7982 , ...
     7983 , 7983 , 7983 , 7983 , 7984 , 7984 , 7985 , 7986 , 7986 , 7986 , 7986 , 7988 , 7989 , ...
     7989 , 7990 , 7990 , 7991 , 7992 , 7993 , 7994 , 7995 , 7996 , 7996 , 7996 , 7996 , 7998 , ...
     7998 , 7998 , 7999 , 7999 , 8000 , 8000 , 8001 , 8001 , 8002 , 8002 , 8002 , 8004 , 8004 , ...
     8005 , 8006 , 8006 , 8007 , 8007 , 8007 , 8008 , 8008 , 8009 , 8010 , 8010 , 8010 , 8011 , ...
     8012 , 8012 , 8013 , 8013 , 8015 , 8016 , 8016 , 8016 , 8017 , 8017 , 8019 , 8020 , 8020 , ...
     8021 , 8022 , 8022 , 8022 , 8024 , 8026 , 8026 , 8026 , 8026 , 8027 , 8027 , 8027 , 8028 , ...
     8028 , 8029 , 8029 , 8030 , 8030 , 8031 , 8031 , 8031 , 8032 , 8033 , 8033 , 8033 , 8033 , ...
     8034 , 8034 , 8034 , 8034 , 8035 , 8036 , 8036 , 8036 , 8036 , 8037 , 8038 , 8039 , 8039 , ...
     8039 , 8040 , 8040 , 8040 , 8041 , 8042 , 8043 , 8044 , 8044 , 8044 , 8045 , 8045 , 8045 , ...
     8045 , 8047 , 8047 , 8047 , 8049 , 8049 , 8049 , 8050 , 8051 , 8054 , 8055 , 8056 , 8056 , ...
     8058 , 8058 , 8061 , 8061 , 8062 , 8063 , 8065 , 8066 , 8066 , 8067 , 8067 , 8068 , 8068 , ...
     8068 , 8069 , 8070 , 8071 , 8071 , 8071 , 8071 , 8071 , 8072 , 8073 , 8073 , 8074 , 8076 , ...
     8077 , 8077 , 8077 , 8077 , 8079 , 8080 , 8080 , 8081 , 8081 , 8082 , 8084 , 8084 , 8085 , ...
     8085 , 8085 , 8085 , 8087 , 8088 , 8089 , 8089 , 8089 , 8090 , 8091 , 8091 , 8091 , 8091 , ...
     8091 , 8092 , 8092 , 8092 , 8092 , 8095 , 8096 , 8096 , 8098 , 8098 , 8098 , 8100 , 8103 , ...
     8103 , 8103 , 8103 , 8104 , 8104 , 8104 , 8105 , 8107 , 8108 , 8108 , 8109 , 8109 , 8112 , ...
     8113 , 8113 , 8114 , 8115 , 8117 , 8117 , 8118 , 8118 , 8119 , 8119 , 8119 , 8120 , 8121 , ...
     8121 , 8121 , 8122 , 8123 , 8124 , 8125 , 8126 , 8126 , 8126 , 8127 , 8128 , 8129 , 8129 , ...
     8129 , 8131 , 8132 , 8133 , 8133 , 8134 , 8134 , 8135 , 8135 , 8135 , 8136 , 8136 , 8136 , ...
     8137 , 8137 , 8138 , 8138 , 8139 , 8141 , 8141 , 8142 , 8142 , 8142 , 8145 , 8145 , 8145 , ...
     8147 , 8148 , 8148 , 8149 , 8150 , 8151 , 8152 , 8153 , 8153 , 8154 , 8154 , 8154 , 8155 , ...
     8155 , 8156 , 8157 , 8157 , 8158 , 8159 , 8159 , 8159 , 8160 , 8161 , 8162 , 8164 , 8165 , ...
     8166 , 8166 , 8167 , 8168 , 8169 , 8169 , 8169 , 8170 , 8171 , 8171 , 8172 , 8172 , 8172 , ...
     8173 , 8174 , 8174 , 8174 , 8174 , 8174 , 8174 , 8176 , 8176 , 8176 , 8178 , 8179 , 8180 , ...
     8181 , 8181 , 8182 , 8183 , 8183 , 8184 , 8185 , 8186 , 8187 , 8187 , 8188 , 8189 , 8190 , ...
     8190 , 8191 , 8192 , 8192 , 8192 , 8193 , 8193 , 8195 , 8196 , 8198 , 8198 , 8199 , 8199 , ...
     8200 , 8200 , 8201 , 8201 , 8202 , 8202 , 8202 , 8203 , 8203 , 8204 , 8204 , 8206 , 8207 , ...
     8207 , 8209 , 8209 , 8209 , 8210 , 8210 , 8211 , 8211 , 8212 , 8212 , 8212 , 8212 , 8213 , ...
     8214 , 8215 , 8216 , 8216 , 8216 , 8217 , 8217 , 8218 , 8219 , 8219 , 8219 , 8220 , 8220 , ...
     8221 , 8221 , 8223 , 8223 , 8224 , 8224 , 8225 , 8225 , 8227 , 8228 , 8229 , 8229 , 8230 , ...
     8231 , 8231 , 8238 , 8238 , 8238 , 8238 , 8241 , 8242 , 8242 , 8243 , 8243 , 8243 , 8243 , ...
     8243 , 8244 , 8244 , 8244 , 8245 , 8245 , 8245 , 8245 , 8246 , 8246 , 8247 , 8248 , 8249 , ...
     8249 , 8250 , 8250 , 8251 , 8253 , 8253 , 8254 , 8256 , 8256 , 8256 , 8257 , 8257 , 8257 , ...
     8257 , 8259 , 8260 , 8260 , 8260 , 8261 , 8261 , 8262 , 8264 , 8264 , 8264 , 8265 , 8265 , ...
     8265 , 8266 , 8266 , 8267 , 8267 , 8269 , 8269 , 8270 , 8271 , 8272 , 8272 , 8272 , 8273 , ...
     8273 , 8274 , 8275 , 8275 , 8275 , 8276 , 8278 , 8279 , 8279 , 8279 , 8281 , 8281 , 8282 , ...
     8283 , 8284 , 8284 , 8285 , 8287 , 8287 , 8287 , 8288 , 8289 , 8289 , 8290 , 8292 , 8293 , ...
     8293 , 8293 , 8295 , 8295 , 8296 , 8296 , 8297 , 8297 , 8298 , 8298 , 8299 , 8299 , 8303 , ...
     8303 , 8304 , 8304 , 8305 , 8305 , 8305 , 8308 , 8308 , 8308 , 8309 , 8310 , 8311 , 8311 , ...
     8313 , 8313 , 8313 , 8314 , 8315 , 8317 , 8318 , 8318 , 8318 , 8319 , 8319 , 8320 , 8320 , ...
     8321 , 8322 , 8323 , 8323 , 8323 , 8324 , 8324 , 8324 , 8325 , 8326 , 8328 , 8329 , 8329 , ...
     8331 , 8331 , 8332 , 8333 , 8333 , 8333 , 8334 , 8334 , 8336 , 8337 , 8340 , 8342 , 8342 , ...
     8342 , 8343 , 8344 , 8345 , 8345 , 8345 , 8346 , 8347 , 8347 , 8348 , 8348 , 8349 , 8350 , ...
     8350 , 8351 , 8352 , 8353 , 8355 , 8355 , 8356 , 8357 , 8357 , 8357 , 8358 , 8359 , 8359 , ...
     8361 , 8362 , 8363 , 8364 , 8365 , 8366 , 8367 , 8369 , 8371 , 8371 , 8371 , 8372 , 8372 , ...
     8372 , 8374 , 8374 , 8378 , 8379 , 8379 , 8379 , 8380 , 8380 , 8380 , 8381 , 8382 , 8385 , ...
     8386 , 8387 , 8388 , 8388 , 8389 , 8390 , 8392 , 8393 , 8393 , 8393 , 8393 , 8393 , 8395 , ...
     8395 , 8395 , 8395 , 8395 , 8396 , 8396 , 8397 , 8398 , 8399 , 8399 , 8399 , 8400 , 8400 , ...
     8400 , 8401 , 8401 , 8401 , 8401 , 8403 , 8403 , 8405 , 8406 , 8407 , 8408 , 8408 , 8409 , ...
     8409 , 8410 , 8412 , 8413 , 8414 , 8415 , 8416 , 8420 , 8420 , 8421 , 8421 , 8421 , 8422 , ...
     8422 , 8423 , 8423 , 8424 , 8424 , 8424 , 8426 , 8426 , 8427 , 8427 , 8427 , 8427 , 8429 , ...
     8429 , 8431 , 8431 , 8432 , 8432 , 8434 , 8435 , 8436 , 8436 , 8437 , 8437 , 8437 , 8437 , ...
     8438 , 8440 , 8441 , 8441 , 8442 , 8442 , 8443 , 8444 , 8444 , 8445 , 8445 , 8445 , 8446 , ...
     8446 , 8446 , 8448 , 8448 , 8449 , 8450 , 8452 , 8452 , 8454 , 8455 , 8455 , 8457 , 8458 , ...
     8458 , 8460 , 8461 , 8461 , 8462 , 8462 , 8462 , 8463 , 8463 , 8463 , 8464 , 8464 , 8465 , ...
     8465 , 8467 , 8467 , 8468 , 8468 , 8469 , 8469 , 8471 , 8472 , 8472 , 8472 , 8474 , 8474 , ...
     8475 , 8476 , 8476 , 8477 , 8478 , 8478 , 8480 , 8481 , 8481 , 8484 , 8484 , 8485 , 8486 , ...
     8487 , 8487 , 8488 , 8489 , 8490 , 8490 , 8490 , 8490 , 8491 , 8491 , 8491 , 8491 , 8492 , ...
     8492 , 8494 , 8494 , 8495 , 8496 , 8496 , 8496 , 8498 , 8499 , 8499 , 8500 , 8501 , 8501 , ...
     8502 , 8506 , 8506 , 8507 , 8507 , 8507 , 8510 , 8513 , 8514 , 8515 , 8515 , 8515 , 8515 , ...
     8515 , 8515 , 8516 , 8517 , 8518 , 8519 , 8519 , 8521 , 8521 , 8522 , 8524 , 8524 , 8526 , ...
     8527 , 8528 , 8530 , 8531 , 8532 , 8532 , 8533 , 8533 , 8539 , 8539 , 8540 , 8540 , 8541 , ...
     8543 , 8543 , 8544 , 8545 , 8546 , 8546 , 8547 , 8547 , 8548 , 8548 , 8549 , 8549 , 8550 , ...
     8550 , 8551 , 8551 , 8552 , 8553 , 8553 , 8553 , 8554 , 8555 , 8555 , 8556 , 8558 , 8558 , ...
     8559 , 8560 , 8560 , 8561 , 8564 , 8565 , 8565 , 8566 , 8567 , 8569 , 8569 , 8571 , 8571 , ...
     8572 , 8575 , 8576 , 8578 , 8579 , 8581 , 8581 , 8581 , 8581 , 8582 , 8583 , 8584 , 8584 , ...
     8585 , 8586 , 8586 , 8587 , 8587 , 8589 , 8591 , 8594 , 8596 , 8596 , 8597 , 8597 , 8600 , ...
     8600 , 8602 , 8602 , 8604 , 8605 , 8607 , 8608 , 8610 , 8612 , 8614 , 8615 , 8615 , 8617 , ...
     8618 , 8618 , 8622 , 8622 , 8624 , 8625 , 8627 , 8627 , 8628 , 8628 , 8628 , 8629 , 8630 , ...
     8632 , 8632 , 8633 , 8634 , 8635 , 8635 , 8636 , 8637 , 8637 , 8639 , 8639 , 8640 , 8641 , ...
     8643 , 8643 , 8646 , 8649 , 8651 , 8651 , 8652 , 8655 , 8659 , 8661 , 8661 , 8662 , 8663 , ...
     8666 , 8667 , 8668 , 8669 , 8669 , 8670 , 8671 , 8673 , 8673 , 8674 , 8676 , 8676 , 8678 , ...
     8683 , 8684 , 8685 , 8686 , 8686 , 8687 , 8688 , 8688 , 8688 , 8690 , 8691 , 8694 , 8695 , ...
     8696 , 8698 , 8700 , 8700 , 8702 , 8703 , 8705 , 8705 , 8707 , 8709 , 8710 , 8711 , 8711 , ...
     8712 , 8713 , 8718 , 8722 , 8722 , 8722 , 8723 , 8725 , 8726 , 8727 , 8728 , 8728 , 8728 , ...
     8732 , 8733 , 8734 , 8736 , 8737 , 8738 , 8740 , 8743 , 8743 , 8744 , 8745 , 8745 , 8746 , ...
     8746 , 8748 , 8748 , 8750 , 8750 , 8750 , 8750 , 8752 , 8752 , 8755 , 8758 , 8759 , 8759 , ...
     8762 , 8763 , 8764 , 8766 , 8766 , 8769 , 8770 , 8771 , 8771 , 8771 , 8773 , 8776 , 8779 , ...
     8781 , 8781 , 8781 , 8782 , 8782 , 8783 , 8787 , 8791 , 8792 , 8792 , 8795 , 8797 , 8797 , ...
     8797 , 8799 , 8800 , 8803 , 8805 , 8806 , 8807 , 8811 , 8812 , 8813 , 8814 , 8818 , 8819 , ...
     8820 , 8820 , 8821 , 8822 , 8824 , 8824 , 8826 , 8829 , 8829 , 8836 , 8839 , 8840 , 8843 , ...
     8849 , 8851 , 8852 , 8853 , 8858 , 8862 , 8864 , 8865 , 8866 , 8866 , 8867 , 8868 , 8868 , ...
     8869 , 8870 , 8874 , 8874 , 8874 , 8875 , 8876 , 8877 , 8879 , 8879 , 8883 , 8885 , 8885 , ...
     8886 , 8891 , 8895 , 8898 , 8898 , 8900 , 8900 , 8902 , 8903 , 8903 , 8903 , 8907 , 8910 , ...
     8911 , 8913 , 8917 , 8919 , 8922 , 8922 , 8925 , 8925 , 8926 , 8926 , 8928 , 8930 , 8931 , ...
     8934 , 8936 , 8939 , 8939 , 8940 , 8943 , 8948 , 8951 , 8952 , 8953 , 8954 , 8957 , 8961 , ...
     8962 , 8969 , 8969 , 8970 , 8970 , 8971 , 8972 , 8973 , 8974 , 8977 , 8983 , 8985 , 8986 , ...
     8988 , 8994 , 8994 , 8996 , 9002 , 9005 , 9007 , 9009 , 9011 , 9012 , 9019 , 9020 , 9022 , ...
     9024 , 9025 , 9030 , 9033 , 9037 , 9038 , 9043 , 9043 , 9045 , 9046 , 9054 , 9056 , 9060 , ...
     9060 , 9064 , 9070 , 9072 , 9076 , 9078 , 9082 , 9083 , 9087 , 9090 , 9094 , 9098 , 9101 , ...
     9102 , 9108 , 9110 , 9120 , 9126 , 9127 , 9128 , 9129 , 9131 , 9134 , 9140 , 9143 , 9158 , ...
     9166 , 9176];
fnl4461(2,:) = ... % Y-Coordinates
    [6909 , 6142 , 6101 , 6910 , 6920 , 6182 , 6830 , 6213 , 6425 , 6870 , 6132 , 6840 , 6891 , ...
     6801 , 6265 , 6952 , 6184 , 6407 , 6154 , 6296 , 6438 , 6397 , 6873 , 6458 , 6893 , 6317 , ...
     6064 , 6034 , 6267 , 5984 , 6206 , 6418 , 6368 , 6823 , 6783 , 6490 , 6965 , 6944 , 6227 , ...
     6308 , 6733 , 6440 , 6187 , 6389 , 6127 , 6319 , 6774 , 6289 , 6026 , 6916 , 6168 , 6137 , ...
     6744 , 6249 , 5996 , 6077 , 6482 , 6957 , 6472 , 6411 , 6836 , 6350 , 6563 , 6047 , 6229 , ...
     6159 , 6311 , 6988 , 6472 , 6200 , 6432 , 6877 , 6594 , 6089 , 6726 , 6392 , 6635 , 6281 , ...
     6948 , 6686 , 6665 , 6160 , 6807 , 6544 , 6999 , 6049 , 6251 , 6919 , 6413 , 6120 , 6272 , ...
     6009 , 6484 , 6687 , 6869 , 6616 , 6090 , 7010 , 6909 , 6171 , 6151 , 6333 , 6768 , 6738 , ...
     6970 , 6394 , 6253 , 6718 , 6000 , 6668 , 6880 , 6840 , 6122 , 6324 , 6304 , 6496 , 5971 , ...
     6911 , 6365 , 6618 , 7042 , 6759 , 7002 , 6042 , 6264 , 6941 , 6456 , 6891 , 6163 , 6568 , ...
     6022 , 6083 , 6225 , 6983 , 6275 , 6953 , 6245 , 6185 , 5922 , 6144 , 6367 , 7034 , 6296 , ...
     6529 , 6195 , 6832 , 6114 , 6064 , 6479 , 6944 , 6923 , 6438 , 6671 , 6418 , 6651 , 7095 , ...
     6610 , 7025 , 6894 , 6388 , 6398 , 5873 , 6803 , 6783 , 6742 , 6712 , 6945 , 6004 , 5964 , ...
     7117 , 6844 , 7076 , 5833 , 6975 , 6247 , 5884 , 7036 , 6096 , 5965 , 6996 , 6289 , 6723 , ...
     6926 , 6178 , 6147 , 6360 , 5854 , 6552 , 7007 , 6977 , 6906 , 6663 , 5935 , 6603 , 6107 , ...
     6785 , 6047 , 6259 , 6229 , 6209 , 6168 , 7078 , 5805 , 6502 , 6735 , 6017 , 6472 , 6179 , ...
     5916 , 6856 , 6938 , 6200 , 6422 , 6351 , 6058 , 6523 , 6483 , 6453 , 5957 , 6645 , 6817 , ...
     6999 , 6736 , 6666 , 6403 , 6615 , 7090 , 6372 , 9153 , 5887 , 6110 , 5847 , 5817 , 6969 , ...
     5796 , 6423 , 6868 , 6150 , 6130 , 6322 , 6777 , 6474 , 5989 , 7071 , 6808 , 6950 , 6424 , ...
     6394 , 7102 , 5899 , 6091 , 7011 , 6050 , 6293 , 5767 , 5990 , 6667 , 6637 , 9195 , 6607 , ...
     9144 , 5859 , 6536 , 6759 , 6506 , 6253 , 6708 , 7608 , 5940 , 6172 , 6850 , 7527 , 6991 , ...
     6951 , 5758 , 6901 , 9206 , 7103 , 6335 , 6072 , 6304 , 9064 , 6042 , 7659 , 6476 , 7639 , ...
     9671 , 5708 , 7579 , 5931 , 6628 , 7073 , 6841 , 7498 , 6325 , 6548 , 5840 , 5800 , 6689 , ...
     7144 , 5982 , 7346 , 5901 , 9601 , 5648 , 6113 , 6791 , 6295 , 7468 , 6508 , 6457 , 6892 , ...
     7114 , 7327 , 7034 , 6053 , 6973 , 9258 , 6458 , 7165 , 5730 , 5962 , 7580 , 9662 , 6862 , ...
     7550 , 9167 , 6802 , 5841 , 7459 , 6519 , 6751 , 9046 , 5781 , 6903 , 8520 , 6428 , 6397 , ...
     6590 , 7277 , 5862 , 6327 , 6559 , 9562 , 7237 , 6964 , 7661 , 6651 , 9198 , 5670 , 7055 , ...
     7500 , 6782 , 9320 , 7450 , 6247 , 7409 , 9724 , 9674 , 6166 , 6853 , 8441 , 9361 , 5863 , ...
     9108 , 7005 , 6297 , 5802 , 6955 , 5984 , 6692 , 7602 , 5701 , 5944 , 7329 , 7571 , 6621 , ...
     7531 , 5903 , 9604 , 6490 , 7643 , 8532 , 9230 , 7107 , 9159 , 9068 , 5803 , 7431 , 5793 , ...
     6723 , 6935 , 6460 , 6430 , 7138 , 6390 , 6834 , 7057 , 7522 , 9807 , 5854 , 6774 , 9089 , ...
     6218 , 8553 , 8998 , 7360 , 9190 , 8483 , 5672 , 6137 , 6380 , 6582 , 9362 , 9595 , 6552 , ...
     7017 , 8392 , 6047 , 6279 , 6249 , 5966 , 6663 , 9686 , 6411 , 6623 , 7563 , 5915 , 8463 , ...
     6997 , 9535 , 9545 , 6057 , 9050 , 6219 , 7604 , 5946 , 9838 , 7038 , 7513 , 9596 , 5835 , ...
     9768 , 8363 , 9293 , 6715 , 5997 , 6907 , 6199 , 7119 , 7342 , 8979 , 9424 , 5694 , 9182 , ...
     6584 , 7271 , 9141 , 6341 , 7463 , 8393 , 7433 , 9061 , 8565 , 9010 , 9253 , 6675 , 8515 , ...
     9667 , 6169 , 7099 , 5684 , 6382 , 8464 , 6786 , 6089 , 6999 , 7666 , 6038 , 6483 , 8323 , ...
     9476 , 7605 , 9415 , 6150 , 7535 , 5887 , 6817 , 6534 , 7242 , 6443 , 8991 , 7040 , 9325 , ...
     6757 , 9527 , 9284 , 8567 , 5968 , 6191 , 6888 , 7353 , 9436 , 7556 , 8263 , 6383 , 5898 , ...
     6595 , 8445 , 9143 , 9841 , 6333 , 7485 , 9093 , 6757 , 6980 , 8152 , 6262 , 8587 , 6717 , ...
     6222 , 7607 , 8294 , 7334 , 6626 , 7091 , 6576 , 9346 , 7010 , 9801 , 9770 , 8133 , 8355 , ...
     9497 , 5949 , 6404 , 5919 , 6151 , 9872 , 7536 , 9619 , 9589 , 5868 , 6556 , 6778 , 8143 , ...
     7193 , 7668 , 5990 , 9478 , 6415 , 8952 , 7072 , 6819 , 6324 , 8416 , 5829 , 8609 , 9316 , ...
     6041 , 6961 , 6688 , 7386 , 7143 , 7375 , 7608 , 8518 , 8528 , 8265 , 9205 , 8023 , 9165 , ...
     5900 , 8922 , 9357 , 7264 , 8184 , 9114 , 7669 , 6254 , 8983 , 9216 , 6891 , 9438 , 6628 , ...
     6365 , 7063 , 7770 , 8427 , 7235 , 7467 , 9075 , 9044 , 8327 , 9712 , 6921 , 7376 , 6183 , ...
     6153 , 7993 , 8458 , 9398 , 9621 , 5900 , 6345 , 6598 , 7720 , 7963 , 7013 , 9540 , 8115 , ...
     7852 , 8944 , 6093 , 6113 , 6326 , 6791 , 5850 , 9328 , 9793 , 6275 , 7650 , 9055 , 8338 , ...
     8570 , 9480 , 6912 , 8540 , 7124 , 8479 , 9652 , 6609 , 9167 , 7276 , 9834 , 6569 , 9126 , ...
     6053 , 6993 , 7913 , 6478 , 6720 , 6225 , 7620 , 8065 , 9005 , 5972 , 7357 , 7833 , 8288 , ...
     7095 , 7772 , 6822 , 7519 , 8429 , 6751 , 7226 , 5811 , 7196 , 7418 , 8096 , 9491 , 8510 , ...
     6175 , 9855 , 7712 , 6307 , 8389 , 7894 , 9714 , 6236 , 9229 , 7803 , 6135 , 9370 , 9613 , ...
     5882 , 6802 , 6095 , 7025 , 9320 , 7146 , 6914 , 7369 , 8066 , 9674 , 5954 , 6419 , 8279 , ...
     8966 , 8006 , 6368 , 6611 , 9846 , 7743 , 7966 , 8208 , 9128 , 5863 , 8168 , 9108 , 8582 , ...
     6004 , 7127 , 8532 , 8997 , 7561 , 8239 , 9401 , 6813 , 7026 , 7491 , 6308 , 8623 , 6520 , ...
     6035 , 6268 , 8340 , 6692 , 7855 , 8553 , 6450 , 7612 , 6885 , 8280 , 5924 , 7329 , 7067 , ...
     9321 , 5823 , 6986 , 6733 , 7188 , 9513 , 6470 , 8502 , 6622 , 6137 , 6835 , 7744 , 9605 , ...
     6562 , 9534 , 6936 , 7168 , 7401 , 8088 , 6188 , 7118 , 7826 , 7330 , 6855 , 8240 , 8432 , ...
     8897 , 8190 , 5844 , 6309 , 7229 , 7694 , 6512 , 9302 , 8119 , 6906 , 7614 , 8999 , 9241 , ...
     9454 , 6380 , 7513 , 6108 , 9575 , 9788 , 6037 , 6047 , 8585 , 6472 , 6684 , 8544 , 5976 , ...
     8514 , 7341 , 7806 , 8029 , 9394 , 5886 , 9343 , 6775 , 9050 , 9283 , 7645 , 9717 , 6169 , ...
     6422 , 9192 , 5936 , 6846 , 8464 , 6129 , 7069 , 7028 , 8424 , 6088 , 6553 , 7008 , 7948 , ...
     9101 , 6523 , 7453 , 7898 , 8585 , 5795 , 8565 , 6928 , 8313 , 6442 , 9667 , 5957 , 8929 , ...
     7757 , 6109 , 6291 , 7686 , 9526 , 6716 , 7181 , 5998 , 6240 , 7626 , 7848 , 5735 , 5755 , ...
     6898 , 8980 , 7575 , 9648 , 9860 , 5907 , 6827 , 8212 , 9132 , 9597 , 6989 , 8384 , 5806 , ...
     8091 , 6656 , 7808 , 6393 , 7090 , 7323 , 6605 , 6352 , 7485 , 9557 , 8142 , 9759 , 6009 , ...
     9244 , 5979 , 8051 , 5928 , 9173 , 8456 , 6575 , 7980 , 8173 , 8880 , 5847 , 6070 , 9325 , ...
     9052 , 6464 , 5757 , 6687 , 6899 , 6191 , 9871 , 9881 , 7758 , 6808 , 7465 , 7708 , 8395 , ...
     8618 , 6525 , 6748 , 6980 , 9528 , 6252 , 8578 , 8820 , 6930 , 8315 , 7152 , 9457 , 6434 , ...
     7082 , 7314 , 8012 , 5889 , 7041 , 7516 , 9134 , 9609 , 7253 , 9569 , 9316 , 7921 , 6960 , ...
     7203 , 7880 , 6020 , 7638 , 9255 , 6212 , 7345 , 8285 , 5950 , 7790 , 9640 , 6162 , 6354 , ...
     9144 , 9842 , 6566 , 8417 , 7001 , 6728 , 8589 , 7396 , 5758 , 9003 , 7578 , 7820 , 9205 , ...
     6405 , 6880 , 8023 , 6304 , 8619 , 8832 , 9297 , 5809 , 7659 , 9752 , 6456 , 6678 , 7851 , ...
     9701 , 6436 , 6901 , 8518 , 6638 , 6153 , 7093 , 8235 , 7740 , 8640 , 8872 , 9792 , 8377 , ...
     6497 , 8134 , 6244 , 7417 , 8104 , 5991 , 8317 , 7336 , 7781 , 9621 , 6598 , 7983 , 7730 , ...
     6083 , 6548 , 7458 , 7923 , 6275 , 6730 , 7892 , 9520 , 6012 , 8539 , 6912 , 7144 , 7367 , ...
     7832 , 6881 , 8954 , 6164 , 7549 , 8469 , 9864 , 6841 , 7064 , 9369 , 7256 , 8631 , 9075 , ...
     9308 , 9278 , 7873 , 6205 , 8277 , 9197 , 9632 , 8429 , 6326 , 9116 , 9571 , 6306 , 8854 , ...
     6043 , 8358 , 6963 , 7408 , 9966 , 9713 , 7600 , 8308 , 8995 , 6852 , 7994 , 6124 , 6357 , ...
     6812 , 7044 , 6326 , 6761 , 9531 , 7631 , 6428 , 7125 , 7773 , 8470 , 7510 , 7752 , 8895 , ...
     8652 , 6742 , 7682 , 8612 , 6711 , 9916 , 6651 , 8511 , 6610 , 6843 , 7308 , 9633 , 7278 , ...
     8430 , 9370 , 7712 , 9775 , 6995 , 8147 , 9997 , 6489 , 6004 , 8562 , 9259 , 6216 , 6459 , ...
     7146 , 9472 , 9684 , 7581 , 8956 , 8238 , 7046 , 7521 , 9826 , 6793 , 8623 , 6065 , 7440 , ...
     7905 , 6035 , 6732 , 9058 , 7834 , 6894 , 6176 , 9169 , 7299 , 6581 , 8886 , 6278 , 8825 , ...
     6005 , 7178 , 9725 , 7845 , 7370 , 8512 , 9442 , 7794 , 8967 , 8239 , 8694 , 7511 , 6804 , ...
     8856 , 7916 , 6683 , 8310 , 7593 , 6137 , 7765 , 8442 , 8917 , 6107 , 7047 , 6087 , 10019, ...
     8624 , 9049 , 7866 , 8543 , 7138 , 9918 , 6410 , 7108 , 5935 , 9635 , 6117 , 9595 , 6562 , ...
     7017 , 9342 , 6754 , 8382 , 6037 , 7209 , 8827 , 6229 , 6471 , 7169 , 8786 , 9484 , 8999 , ...
     8736 , 7088 , 9403 , 7078 , 5895 , 6350 , 7948 , 6300 , 7240 , 7685 , 9788 , 7644 , 7887 , ...
     8554 , 6452 , 6906 , 5956 , 6158 , 7331 , 9171 , 6138 , 7058 , 9151 , 9838 , 7261 , 6543 , ...
     7473 , 6058 , 6967 , 9283 , 6502 , 9727 , 6705 , 6937 , 7857 , 6199 , 7817 , 8252 , 8009 , ...
     7504 , 6786 , 7018 , 9101 , 10041, 8363 , 9061 , 7190 , 7645 , 9040 , 6250 , 7140 , 8535 , ...
     6655 , 7110 , 7585 , 9425 , 6857 , 9647 , 9859 , 5886 , 7959 , 8889 , 9354 , 6999 , 7696 , ...
     9779 , 6756 , 8121 , 6473 , 8778 , 9253 , 9213 , 5927 , 6837 , 7080 , 8930 , 9627 , 7282 , ...
     9577 , 7929 , 6271 , 7191 , 7434 , 6939 , 7869 , 8324 , 8728 , 6160 , 9395 , 7960 , 6322 , ...
     7020 , 7485 , 8860 , 5837 , 8354 , 9962 , 8779 , 9669 , 7343 , 7798 , 8274 , 8486 , 7556 , ...
     6595 , 9153 , 8658 , 9345 , 9810 , 7708 , 6060 , 9072 , 6040 , 6009 , 7415 , 8567 , 6697 , ...
     7162 , 8547 , 5979 , 9912 , 7324 , 6141 , 6545 , 8396 , 7920 , 7435 , 8588 , 7648 , 8113 , ...
     8790 , 9720 , 9467 , 6434 , 6899 , 6657 , 5939 , 6617 , 6131 , 7991 , 8922 , 7051 , 7274 , ...
     9114 , 10034, 6303 , 7223 , 7203 , 9296 , 6718 , 8345 , 9023 , 7132 , 6182 , 5899 , 6152 , ...
     6364 , 7476 , 9761 , 9984 , 7618 , 8750 , 8983 , 5940 , 9873 , 8690 , 7962 , 9135 , 5859 , ...
     6557 , 7032 , 8174 , 6769 , 7012 , 8629 , 6294 , 7902 , 8124 , 8377 , 8832 , 7416 , 8801 , ...
     6466 , 7588 , 8053 , 9661 , 7548 , 7305 , 9610 , 9843 , 6123 , 8215 , 8893 , 9085 , 9560 , ...
     6527 , 6254 , 9044 , 9934 , 8771 , 7356 , 8276 , 8519 , 9904 , 8013 , 8478 , 5921 , 6143 , ...
     9388 , 7751 , 8216 , 8681 , 6093 , 7953 , 7013 , 7710 , 10015, 6052 , 8378 , 6487 , 8570 , ...
     6002 , 6689 , 7599 , 7619 , 7842 , 8752 , 5951 , 9874 , 7316 , 8934 , 6831 , 7064 , 7519 , ...
     6336 , 6801 , 9338 , 6305 , 7478 , 6528 , 6740 , 9237 , 6205 , 6670 , 8257 , 8499 , 8712 , ...
     9834 , 6579 , 7034 , 7266 , 9784 , 7671 , 7155 , 6903 , 6397 , 7085 , 5882 , 8419 , 7216 , ...
     8146 , 7894 , 6246 , 7408 , 6448 , 9471 , 7590 , 8743 , 6408 , 7803 , 5922 , 6610 , 7762 , ...
     7035 , 5862 , 7237 , 6539 , 6762 , 8834 , 6277 , 9512 , 6954 , 9026 , 6469 , 7166 , 8541 , ...
     6216 , 8056 , 8986 , 6418 , 7348 , 8278 , 8956 , 7540 , 6135 , 9158 , 10078, 8885 , 9583 , ...
     5862 , 7470 , 6985 , 7915 , 8127 , 8370 , 8592 , 9987 , 6722 , 9694 , 5974 , 8259 , 9421 , ...
     9664 , 7056 , 9603 , 6338 , 6358 , 7268 , 7713 , 8410 , 6065 , 10018, 6520 , 8097 , 6449 , ...
     6914 , 7137 , 9189 , 6389 , 6621 , 6854 , 8451 , 6591 , 7966 , 9119 , 9826 , 7026 , 8178 , ...
     9331 , 7208 , 7430 , 8825 , 9513 , 7885 , 9260 , 6005 , 6227 , 6692 , 8330 , 7380 , 7845 , ...
     9897 , 8027 , 7744 , 10069, 9776 , 10009, 7673 , 7178 , 9726 , 7340 , 5945 , 6410 , 7107 , ...
     8260 , 7077 , 8462 , 5905 , 6127 , 7057 , 7472 , 9554 , 8381 , 6491 , 7644 , 6926 , 8088 , ...
     8523 , 6178 , 8948 , 6855 , 7280 , 6330 , 6572 , 9110 , 7229 , 6289 , 8604 , 6259 , 7654 , ...
     6229 , 6674 , 8989 , 7361 , 6633 , 8493 , 9888 , 8231 , 8706 , 6370 , 7695 , 6057 , 8837 , ...
     6957 , 6482 , 7867 , 9960 , 9212 , 6846 , 6128 , 7513 , 7978 , 9849 , 8201 , 8666 , 8393 , ...
     7412 , 5987 , 7625 , 8070 , 7129 , 7342 , 9414 , 7787 , 8929 , 9172 , 7291 , 6988 , 8151 , ...
     9778 , 8131 , 9283 , 6948 , 9708 , 8282 , 8990 , 7555 , 7059 , 6584 , 7039 , 8192 , 6776 , ...
     7019 , 8646 , 9334 , 6524 , 8606 , 7191 , 9041 , 6241 , 8778 , 9698 , 5968 , 6433 , 8060 , ...
     6413 , 9900 , 5907 , 9142 , 5887 , 7747 , 7242 , 7939 , 7697 , 8829 , 7646 , 8566 , 8091 , ...
     7141 , 7818 , 6170 , 6373 , 9395 , 7505 , 9830 , 7727 , 8415 , 8870 , 6535 , 7455 , 8152 , ...
     10002, 7899 , 8132 , 6494 , 6949 , 8344 , 6696 , 7616 , 9942 , 6666 , 9466 , 6878 , 9436 , ...
     6626 , 7566 , 8021 , 6141 , 6373 , 7303 , 8446 , 7960 , 9083 , 7667 , 9538 , 8587 , 8800 , ...
     7172 , 8759 , 6202 , 6889 , 8274 , 7789 , 8476 , 8709 , 5908 , 7526 , 8224 , 7243 , 6060 , ...
     6748 , 7223 , 6263 , 6970 , 8315 , 5990 , 6455 , 8537 , 9225 , 7132 , 8932 , 9852 , 6586 , ...
     6111 , 9346 , 6313 , 6778 , 9771 , 8113 , 8346 , 9276 , 9731 , 6020 , 6485 , 7365 , 7325 , ...
     7800 , 9417 , 9882 , 7062 , 7982 , 8679 , 6334 , 9579 , 10034, 7931 , 8589 , 9519 , 6931 , ...
     7638 , 7861 , 6223 , 8993 , 5970 , 8508 , 9913 , 6617 , 8245 , 6132 , 8437 , 7275 , 8195 , ...
     8407 , 6072 , 6294 , 6517 , 6759 , 6264 , 7396 , 9256 , 7609 , 6891 , 8063 , 8741 , 9681 , ...
     5951 , 8013 , 9398 , 7750 , 9813 , 7700 , 8872 , 6062 , 7225 , 8812 , 9752 , 6012 , 9024 , ...
     10187, 9924 , 6669 , 8761 , 6153 , 6386 , 6861 , 7538 , 10106, 5901 , 6831 , 9843 , 9126 , ...
     6548 , 9095 , 6993 , 7427 , 9065 , 9298 , 5992 , 6467 , 7154 , 5972 , 6679 , 7377 , 8287 , ...
     7802 , 8499 , 9187 , 9379 , 6578 , 9581 , 6083 , 7013 , 7488 , 6740 , 9996 , 6235 , 8550 , ...
     9945 , 6660 , 8934 , 9642 , 8227 , 8904 , 10057, 6791 , 9329 , 5841 , 6306 , 6983 , 7913 , ...
     9753 , 7428 , 6013 , 7165 , 9005 , 6185 , 6862 , 7317 , 6610 , 8672 , 8652 , 5841 , 6761 , ...
     10017, 8136 , 8824 , 9511 , 6933 , 7631 , 7853 , 6671 , 8066 , 10138, 6640 , 8480 , 8945 , ...
     7530 , 6125 , 7287 , 6549 , 7702 , 9795 , 6064 , 6044 , 7197 , 6711 , 7156 , 9471 , 5963 , ...
     9198 , 6863 , 6813 , 7278 , 5883 , 9118 , 8157 , 6297 , 6985 , 9290 , 9522 , 6944 , 8562 , ...
     9714 , 6216 , 8542 , 7116 , 8279 , 5933 , 6631 , 7773 , 8006 , 8926 , 9159 , 9391 , 6601 , ...
     6328 , 7025 , 8643 , 6753 , 7905 , 8613 , 6045 , 6500 , 8805 , 6894 , 8987 , 6399 , 6642 , ...
     6834 , 7531 , 8219 , 5853 , 7238 , 7926 , 8158 , 10241, 6248 , 7643 , 10180, 7380 , 7592 , ...
     8522 , 8745 , 6187 , 7077 , 8472 , 8694 , 6592 , 8907 , 7724 , 8432 , 6551 , 9786 , 5813 , ...
     7198 , 7906 , 6723 , 8341 , 9261 , 9837 , 7269 , 6319 , 9999 , 9059 , 8806 , 9736 , 6228 , ...
     6936 , 9484 , 6451 , 7128 , 6886 , 7351 , 7795 , 9898 , 8432 , 10293, 6785 , 9929 , 8069 , ...
     9211 , 8261 , 9656 , 6168 , 8473 , 9363 , 9808 , 8110 , 5997 , 9009 , 6664 , 7351 , 9424 , ...
     7321 , 7554 , 8494 , 10334, 9859 , 10081, 7978 , 8201 , 8413 , 9101 , 5855 , 7705 , 9556 , ...
     10021, 5805 , 8353 , 6462 , 6937 , 8787 , 9707 , 10182, 6209 , 6675 , 6877 , 8969 , 8939 , ...
     7069 , 7766 , 6119 , 8676 , 9131 , 9839 , 6796 , 8869 , 7473 , 8626 , 10243, 6058 , 6988 , ...
     7211 , 6270 , 8575 , 7160 , 7868 , 6685 , 8313 , 7595 , 8515 , 6402 , 6645 , 8727 , 5917 , ...
     7039 , 6493 , 7656 , 6706 , 6231 , 6443 , 9688 , 6665 , 7353 , 9213 , 8263 , 7545 , 7282 , ...
     6332 , 7687 , 6736 , 10194, 6939 , 8799 , 6908 , 8303 , 9244 , 8506 , 6170 , 6838 , 8000 , ...
     9385 , 8688 , 8900 , 6120 , 8425 , 6545 , 7717 , 8162 , 9790 , 10255, 9315 , 6282 , 8092 , ...
     7839 , 8536 , 9477 , 5969 , 7121 , 8284 , 7323 , 7071 , 7283 , 7758 , 9133 , 9366 , 9608 , ...
     6353 , 6585 , 7243 , 7930 , 9558 , 6980 , 8365 , 9052 , 9982 , 6009 , 6717 , 8557 , 8769 , ...
     7344 , 8264 , 9871 , 7981 , 8214 , 9811 , 10033, 7233 , 6273 , 6242 , 6495 , 6950 , 8103 , ...
     7395 , 7627 , 10175, 6424 , 7314 , 8719 , 10337, 6607 , 8002 , 6121 , 7264 , 10276, 6091 , ...
     7021 , 6303 , 8851 , 9073 , 7446 , 8588 , 6030 , 8801 , 9255 , 8053 , 6192 , 5930 , 6132 , ...
     6597 , 8214 , 6799 , 8417 , 7224 , 8629 , 9519 , 9761 , 7416 , 7871 , 9711 , 5758 , 5970 , ...
     7598 , 8993 , 6415 , 8508 , 8740 , 9195 , 9671 , 8023 , 9640 , 9165 , 10085, 9125 , 5859 , ...
     6537 , 6992 , 7244 , 8154 , 5829 , 5809 , 7659 , 7639 , 9954 , 10399, 7133 , 9449 , 6193 , ...
     6658 , 9206 , 10369, 7801 , 8953 , 9853 , 5890 , 8448 , 8175 , 10268, 8852 , 8610 , 9297 , ...
     6709 , 10177, 7376 , 6143 , 7083 , 7306 , 7508 , 7741 , 6335 , 8661 , 9105 , 7690 , 7943 , ...
     6052 , 6750 , 8570 , 5759 , 9904 , 6861 , 5931 , 6619 , 6831 , 9601 , 6811 , 6781 , 8388 , ...
     8408 , 10248, 6285 , 6993 , 6943 , 9713 , 10188, 9935 , 6660 , 7600 , 5952 , 8004 , 8227 , ...
     8247 , 6569 , 7044 , 7276 , 6488 , 8328 , 8793 , 6225 , 6438 , 8500 , 8965 , 9663 , 8692 , ...
     10320, 5892 , 9127 , 6771 , 7449 , 7681 , 5801 , 7894 , 6256 , 9269 , 9966 , 7823 , 6175 , ...
     7348 , 7813 , 8733 , 10118, 5700 , 7318 , 7773 , 9178 , 5650 , 7500 , 7965 , 8662 , 6084 , ...
     7247 , 10037, 6297 , 8855 , 9774 , 6034 , 8359 , 8602 , 6721 , 7389 , 8309 , 5751 , 5973 , ...
     5943 , 9431 , 6863 , 7096 , 6317 , 9563 , 7005 , 10210, 6267 , 6469 , 6924 , 9017 , 9947 , ...
     10159, 6682 , 9199 , 10351, 7551 , 10331, 6358 , 6591 , 9593 , 10281, 9088 , 9320 , 9533 , ...
     6722 , 5995 , 6015 , 6237 , 6702 , 10392, 7369 , 6197 , 6652 , 6894 , 7127 , 6632 , 6864 , ...
     8259 , 8937 , 9412 , 7066 , 7299 , 8209 , 9119 , 9806 , 6763 , 8158 , 6045 , 5803 , 9968 , ...
     6480 , 7168 , 7087 , 8725 , 10100, 5914 , 6612 , 7744 , 8897 , 8411 , 8644 , 6541 , 7208 , ...
     6925 , 7856 , 9008 , 5975 , 6218 , 8311 , 10150, 6430 , 8978 , 9665 , 6400 , 6632 , 7765 , ...
     8230 , 10312, 6127 , 10272, 7462 , 9089 , 10242, 6976 , 6501 , 7431 , 8503 , 9201 , 6168 , ...
     7806 , 9878 , 6855 , 8463 , 7280 , 9373 , 6097 , 6572 , 9575 , 7240 , 8129 , 9049 , 9514 , ...
     10212, 6006 , 6694 , 7129 , 6391 , 7543 , 9636 , 6340 , 6795 , 7038 , 7958 , 8433 , 7705 , ...
     10020, 6522 , 6037 , 8362 , 8595 , 6714 , 7634 , 8787 , 7392 , 6664 , 5936 , 7999 , 8019 , ...
     9151 , 8656 , 6310 , 9798 , 7463 , 6958 , 9738 , 6937 , 7847 , 8312 , 8767 , 10172, 7584 , ...
     9910 , 6644 , 7312 , 6594 , 7534 , 7726 , 5856 , 8181 , 6078 , 7908 , 6736 , 6250 , 6483 , ...
     8080 , 5967 , 9445 , 8262 , 8717 , 9172 , 5897 , 10072, 7029 , 7484 , 9081 , 6049 , 10214, ...
     6210 , 6615 , 6837 , 8455 , 7252 , 8617 , 6504 , 8364 , 6949 , 7181 , 8789 , 6433 , 6858 , ...
     6140 , 9618 , 7980 , 8405 , 6080 , 6777 , 7697 , 9325 , 7212 , 7444 , 6039 , 9962 , 6009 , ...
     6474 , 7627 , 8082 , 9012 , 9709 , 6211 , 6686 , 7596 , 6889 , 9436 , 8719 , 9851 , 6353 , ...
     6575 , 7040 , 9356 , 10296, 7263 , 6545 , 7000 , 8153 , 6292 , 8567 , 9507 , 6919 , 7142 , ...
     9912 , 6667 , 7112 , 8962 , 9669 , 6818 , 8679 , 9578 , 10033, 6232 , 7870 , 8315 , 9225 , ...
     10125, 6394 , 8254 , 6839 , 9397 , 7062 , 7739 , 8214 , 8912 , 6576 , 7961 , 8426 , 6061 , ...
     8831 , 6263 , 7416 , 9983 , 6708 , 6951 , 9033 , 9953 , 8538 , 10145, 7790 , 9650 , 6607 , ...
     7537 , 8932 , 6344 , 9114 , 9802 , 7466 , 8164 , 9084 , 9519 , 6243 , 8336 , 6001 , 6911 , ...
     7153 , 7851 , 9468 , 8043 , 9863 , 10318, 7760 , 6810 , 7265 , 9357 , 7942 , 6992 , 7194 , ...
     8094 , 10389, 8286 , 8529 , 6183 , 6416 , 6638 , 5931 , 8013 , 7073 , 6315 , 9570 , 10258, ...
     7670 , 6224 , 9004 , 8701 , 10096, 8226 , 7033 , 7731 , 6780 , 8186 , 6760 , 8145 , 9995 , ...
     6285 , 9753 , 9935 , 8984 , 9682 , 10147, 5952 , 6872 , 8024 , 8469 , 10339, 6376 , 10309, ...
     8894 , 9834 , 6103 , 7488 , 8631 , 6083 , 7236 , 8611 , 6518 , 8833 , 6710 , 6660 , 7357 , ...
     9642 , 6609 , 9157 , 6811 , 7711 , 9116 , 9582 , 8379 , 10249, 7903 , 7196 , 9491 , 6003 , ...
     7155 , 8096 , 9248 , 9703 , 10168, 6448 , 6175 , 7782 , 8955 , 9420 , 9875 , 8460 , 8682 , ...
     7520 , 8197 , 9804 , 9087 , 6276 , 9531 , 7641 , 7853 , 8551 , 6913 , 8763 , 8278 , 7318 , ...
     8723 , 9380 , 6135 , 6570 , 8420 , 6762 , 7439 , 6044 , 6964 , 6479 , 7389 , 6904 , 9006 , ...
     6873 , 7561 , 9178 , 8006 , 7045 , 6105 , 8653 , 8885 , 8633 , 7682 , 8612 , 6257 , 9270 , ...
     9502 , 8077 , 9462 , 9704 , 7581 , 10372, 7106 , 8259 , 8218 , 9846 , 6338 , 9331 , 6288 , ...
     6985 , 7460 , 8835 , 9533 , 7814 , 8522 , 5924 , 6621 , 6854 , 7056 , 6793 , 7724 , 10049, ...
     6318 , 6763 , 7228 , 6510 , 8118 , 9978 , 8330 , 7845 , 10160, 6137 , 7269 , 8654 , 7936 , ...
     8169 , 9099 , 6076 , 6268 , 8361 , 6248 , 9038 , 6450 , 6693 , 6915 , 7350 , 10130, 6400 , ...
     8007 , 9170 , 9413 , 9382 , 10312, 6339 , 9817 , 10505, 6087 , 9564 , 9797 , 7007 , 7896 , ...
     6016 , 7654 , 7886 , 8099 , 6704 , 7148 , 9939 , 7118 , 9656 , 10576, 6370 , 6603 , 10545, ...
     7482 , 8170 , 10262, 6522 , 7432 , 8807 , 7614 , 9019 , 10182, 5976 , 6886 , 6168 , 7786 , ...
     8241 , 8473 , 7523 , 8453 , 9151 , 9393 , 10061, 9333 , 7240 , 6057 , 9302 , 8120 , 8342 , ...
     9505 , 9727 , 6229 , 6462 , 6937 , 8302 , 6432 , 8716 , 9879 , 8221 , 6351 , 6816 , 8676 , ...
     10294, 6078 , 6765 , 9081 , 7453 , 7180 , 8585 , 6907 , 8747 , 9677 , 7291 , 7029 , 8879 , ...
     6088 , 6998 , 7928 , 8151 , 7858 , 8100 , 9030 , 5977 , 9202 , 6149 , 6847 , 7059 , 8212 , ...
     6574 , 9567 , 6786 , 6301 , 6726 , 6018 , 9486 , 6463 , 6686 , 9466 , 8273 , 9900 , 7333 , ...
     8495 , 8718 , 8728 , 8950 , 9415 , 7545 , 8910 , 9365 , 7262 , 7505 , 8415 , 9122 , 10032, ...
     10497, 7909 , 9992 , 6039 , 8354 , 8587 , 10437, 7181 , 7626 , 10194, 10406, 8769 , 6191 , ...
     8293 , 7768 , 9163 , 9861 , 6595 , 7738 , 9810 , 7697 , 7950 , 6525 , 6757 , 9295 , 6959 , ...
     8830 , 10407, 6221 , 7121 , 6424 , 6636 , 10326, 8213 , 8678 , 8426 , 6090 , 6303 , 6737 , ...
     6980 , 7425 , 6485 , 8577 , 9265 , 9952 , 8537 , 9002 , 10154, 10620, 6869 , 8042 , 7061 , ...
     7294 , 10084, 6808 , 10266, 7183 , 6242 , 7395 , 7365 , 7840 , 8194 , 6779 , 8406 , 8871 , ...
     6748 , 7213 , 7446 , 9508 , 9731 , 6708 , 6930 , 10165, 8942 , 6607 , 9145 , 9610 , 6567 , ...
     7709 , 10024, 10499, 9539 , 6294 , 7669 , 8144 , 9296 , 10429, 6446 , 8761 , 10621, 7800 , ...
     7821 , 8053 , 8508 , 8023 , 8720 , 9650 , 9883 , 6142 , 6375 , 7052 , 7002 , 9084 , 6527 , ...
     9064 , 6264 , 8801 , 6668 , 8296 , 9004 , 9226 , 9843 , 7275 , 7973 , 9823 , 10268, 6972 , ...
     6022 , 7184 , 7649 , 7882 , 10197, 8084 , 9014 , 6922 , 9924 , 6194 , 7114 , 7336 , 10329, ...
     6538 , 9763 , 9985 , 10450, 6487 , 8590 , 8327 , 8802 , 7610 , 10380, 8267 , 9874 , 8236 , ...
     10562, 6124 , 7519 , 7721 , 9116 , 9338 , 6073 , 7458 , 9076 , 9531 , 6265 , 7650 , 6943 , ...
     9258 , 6457 , 8065 , 10633, 6872 , 7802 , 10107, 6164 , 6619 , 6832 , 8682 , 10542, 8884 , ...
     9592 , 7236 , 6761 , 8389 , 8834 , 6246 , 5993 , 7378 , 9208 , 10613, 6650 , 5922 , 8450 , ...
     7975 , 8429 , 8642 , 9794 , 7681 , 10229, 6741 , 7206 , 9279 , 10431, 10674, 6024 , 7853 , ...
     9006 , 7126 , 8531 , 8025 , 9431 , 8693 , 6105 , 7045 , 10290, 9330 , 6529 , 9542 , 10240, ...
     6044 , 6964 , 10209, 7591 , 6408 , 8734 , 8956 , 9653 , 6135 , 6378 , 6611 , 10068, 7723 , ...
     7935 , 7197 , 9957 , 6459 , 6924 , 6207 , 5954 , 10351, 6864 , 8471 , 9866 , 7521 , 8916 , ...
     9856 , 7036 , 7966 , 8663 , 10048, 9806 , 10503, 6298 , 8855 , 8603 , 9300 , 10675, 8118 , ...
     9280 , 6905 , 8057 , 8512 , 9371 , 8421 , 6066 , 6733 , 7643 , 8805 , 9503 , 9736 , 6238 , ...
     6703 , 7845 , 7582 , 9200 , 9675 , 7795 , 8027 , 6147 , 7067 , 7764 , 10322, 7279 , 9604 , ...
     6996 , 8866 , 6289 , 7441 , 8149 , 8573 , 9049 , 7158 , 8098 , 9251 , 10403, 6683 , 6188 , ...
     6410 , 6643 , 7108 , 8725 , 9625 , 6370 , 6592 , 8877 , 7229 , 7927 , 8169 , 7684 , 8816 , ...
     9494 , 9939 , 8533 , 8766 , 9211 , 9443 , 9878 , 10576, 7998 , 6582 , 7513 , 9140 , 6795 , ...
     7957 , 9575 , 9818 , 9332 , 6532 , 6027 , 8584 , 7826 , 8524 , 8039 , 8706 , 6361 , 9373 , ...
     6310 , 7928 , 6067 , 7463 , 7907 , 6725 , 6472 , 7402 , 10415, 6927 , 6209 , 8474 , 10334, ...
     6604 , 7069 , 8454 , 6098 , 8150 , 10011, 8787 , 9718 , 9960 , 7625 , 7837 , 6644 , 6159 , ...
     6624 , 10324, 7767 , 10072, 9111 , 9566 , 6291 , 8121 , 9758 , 6493 , 8565 , 7393 , 10395, ...
     7373 , 9910 , 8040 , 8970 , 10345, 6827 , 6584 , 7979 , 8424 , 9819 , 7484 , 9334 , 6311 , ...
     10477, 7444 , 9294 , 6928 , 8081 , 9456 , 9688 , 7353 , 7808 , 9890 , 8940 , 9405 , 9648 , ...
     7060 , 8677 , 10032, 6079 , 6544 , 8849 , 6969 , 7667 , 6716 , 8799 , 9507 , 7131 , 9234 , ...
     6191 , 6423 , 9193 , 7566 , 9153 , 9851 , 6353 , 7283 , 7970 , 10528, 6777 , 7232 , 9790 , ...
     6221 , 6879 , 8021 , 7526 , 10073, 6323 , 6990 , 6262 , 6505 , 8577 , 9730 , 6464 , 9012 , ...
     9932 , 9204 , 9134 , 8426 , 8891 , 10509, 6050 , 7456 , 9538 , 7890 , 9255 , 9710 , 6687 , ...
     8527 , 8052 , 10590, 6859 , 7800 , 9174 , 9872 , 6384 , 7769 , 8002 , 9387 , 6526 , 6758 , ...
     7689 , 8133 , 7416 , 6253 , 7183 , 6920 , 8295 , 9448 , 7578 , 6354 , 9145 , 6809 , 7659 , ...
     7163 , 7396 , 7871 , 8104 , 6466 , 10398, 6193 , 6648 , 7103 , 7335 , 10105, 8690 , 6122 , ...
     6567 , 7245 , 7932 , 9064 , 9287 , 6941 , 9014 , 8529 , 8043 , 8721 , 8953 , 10348, 6608 , ...
     7285 , 10531, 9348 , 9580 , 6315 , 6547 , 7700 , 8842 , 6729 , 6962 , 8822 , 8094 , 9924 , ...
     8762 , 6881 , 7569 , 8004 , 8479 , 9176 , 6831 , 8448 , 9116 , 6336 , 7256 , 8175 , 7933 , ...
     6275 , 7893 , 6497 , 9490 , 6437 , 7812 , 9429 , 10349, 9874 , 10572, 9834 , 6781 , 9349 , ...
     8146 , 8125 , 8601 , 9763 , 7155 , 6650 , 7347 , 8035 , 9197 , 6407 , 9400 , 10330, 7074 , ...
     7297 , 7519 , 10299, 7954 , 9561 , 6316 , 7004 , 10016, 9056 , 6721 , 7196 , 7661 , 8813 , ...
     6923 , 6943 , 7398 , 9016 , 6438 , 6883 , 10118, 10350, 10370, 7782 , 6145 , 6357 , 8662 , ...
     10067, 6569 , 6802 , 7722 , 9087 , 7904 , 6499 , 7166 , 9481 , 9956 , 6216 , 7601 , 9451 , ...
     9683 , 7571 , 8015 , 8723 , 6600 , 9128 , 9593 , 10270, 8167 , 6701 , 7136 , 6883 , 9199 , ...
     6621 , 6843 , 7480 , 8400 , 6297 , 7652 , 9462 , 6439 , 7116 , 6651 , 8481 , 9391 , 10089, ...
     10331, 8684 , 8421 , 7248 , 8633 , 9321 , 9563 , 9796 , 9988 , 6733 , 9523 , 6490 , 8057 , ...
     6187 , 7329 , 8037 , 9887 , 8451 , 6339 , 6814 , 8876 , 9099 , 8138 , 8573 , 9260 , 6450 , ...
     9008 , 9705 , 9928 , 10110, 7775 , 7057 , 9139 , 9847 , 8654 , 6319 , 6551 , 6774 , 7714 , ...
     10019, 6521 , 6541 , 7451 , 9069 , 6936 , 8513 , 9453 , 8007 , 8948 , 9170 , 7967 , 6269 , ...
     8129 , 8351 , 8372 , 6481 , 7421 , 9029 , 6239 , 9201 , 8483 , 9636 , 6380 , 6603 , 9777 , ...
     7209 , 9070 , 9727 , 7392 , 6876 , 8049 , 7796 , 8716 , 7068 , 8928 , 10081, 6815 , 7260 , ...
     7958 , 8403 , 7928 , 6987 , 8575 , 9940 , 7139 , 8069 , 8534 , 7352 , 9404 , 7756 , 9161 , ...
     9849 , 6331 , 8151 , 7685 , 8130 , 6735 , 8343 , 6240 , 6927 , 8090 , 6210 , 8292 , 9697 , ...
     6432 , 8050 , 7099 , 7554 , 8009 , 7039 , 9111 , 6543 , 8859 , 10011, 8101 , 9243 , 9496 , ...
     9668 , 6877 , 7322 , 6160 , 8667 , 8889 , 6311 , 7221 , 9304 , 6493 , 7879 , 9516 , 7626 , ...
     9264 , 9011 , 6655 , 9901 , 9415 , 6393 , 6837 , 7778 , 7292 , 8425 , 6787 , 9982 , 6716 , ...
     7151 , 8304 , 8061 , 8728 , 6626 , 8466 , 8931 , 7990 , 6575 , 7040 , 7697 , 8395 , 9335 , ...
     7232 , 6282 , 6504 , 6747 , 6969 , 8587 , 9507 , 6454 , 6929 , 8072 , 8264 , 9629 , 7516 , ...
     9366 , 10043, 8648 , 7910 , 8143 , 7213 , 8800 , 8547 , 7354 , 8517 , 9437 , 7557 , 6374 , ...
     8679 , 6586 , 8173 , 9103 , 9791 , 6526 , 8851 , 9255 , 9943 , 7112 , 8972 , 6637 , 8012 , ...
     6829 , 7304 , 8437 , 8892 , 6334 , 7021 , 9559 , 6304 , 7466 , 7668 , 8366 , 9013 , 6900 , ...
     7598 , 6405 , 8487 , 9650 , 9145 , 9387 , 7739 , 9124 , 7497 , 8174 , 9579 , 10034, 9074 , ...
     6516 , 7184 , 6941 , 7851 , 9711 , 6688 , 7376 , 8053 , 6870 , 7335 , 9185 , 6618 , 8235 , ...
     8205 , 9822 , 8397 , 8852 , 6749 , 6972 , 6497 , 8357 , 8306 , 8974 , 8266 , 8711 , 7771 , ...
     6578 , 6820 , 6891 , 7589 , 7811 , 9894 , 8438 , 6558 , 7023 , 6780 , 8641 , 9561 , 9793 , ...
     10016, 7225 , 7458 , 9075 , 6720 , 6740 , 7185 , 9268 , 6467 , 9035 , 8075 , 7367 , 6407 , ...
     7559 , 6609 , 9632 , 7984 , 6326 , 9328 , 6518 , 6943 , 9015 , 9490 , 7610 , 7853 , 8318 , ...
     9703 , 8025 , 7307 , 8015 , 9400 , 6832 , 8217 , 9814 , 6539 , 7691 , 8834 , 6731 , 7428 , ...
     8591 , 7166 , 8338 , 6448 , 8551 , 8500 , 8955 , 8702 , 9137 , 6812 , 7045 , 7277 , 8642 , ...
     9107 , 8854 , 6974 , 8126 , 9976 , 6479 , 9451 , 8036 , 8278 , 9188 , 6378 , 7075 , 9360 , ...
     7712 , 8147 , 9077 , 9512 , 6924 , 8541 , 8784 , 8299 , 6418 , 7116 , 9401 , 6590 , 6560 , ...
     7955 , 8410 , 7662 , 9300 , 7420 , 8582 , 7157 , 9239 , 9694 , 9927 , 8047 , 8512 , 7016 , ...
     8886 , 6298 , 9553 , 6975 , 7895 , 8128 , 6672 , 7602 , 8755 , 9675 , 9644 , 7774 , 8927 , ...
     6804 , 7259 , 9331 , 8634 , 8371 , 9018 , 6915 , 8310 , 9463 , 7117 , 9887 , 6865 , 8250 , ...
     9160 , 9129 , 7027 , 7947 , 8654 , 6531 , 6764 , 7694 , 9069 , 8816 , 6451 , 8523 , 8735 , ...
     6390 , 8705 , 7280 , 7502 , 8190 , 9352 , 6784 , 8867 , 9271 , 6481 , 8958 , 6815 , 8685 , ...
     9605 , 6340 , 9100 , 6300 , 6997 , 8847 , 8807 , 7179 , 8322 , 7614 , 9929 , 7816 , 8029 , ...
     9424 , 7553 , 9838 , 7958 , 7918 , 8140 , 6745 , 7402 , 8110 , 9040 , 8777 , 7139 , 9919 , ...
     8241 , 7766 , 8888 , 7251 , 8373 , 7655 , 6472 , 9222 , 6382 , 7312 , 8484 , 6372 , 7069 , ...
     8444 , 6331 , 8646 , 7393 , 7595 , 8070 , 8758 , 6877 , 7110 , 9900 , 9162 , 9375 , 6756 , ...
     9284 , 7868 , 9243 , 9486 , 6898 , 8040 , 6848 , 6362 , 6575 , 7050 , 8657 , 8890 , 6544 , ...
     7009 , 7222 , 7454 , 9314 , 7202 , 8597 , 8122 , 7171 , 6454 , 6666 , 7131 , 8283 , 8516 , ...
     9669 , 6636 , 7798 , 8718 , 9648 , 7273 , 9830 , 9315 , 6525 , 6727 , 6697 , 6929 , 8992 , ...
     9224 , 7344 , 8223 , 9598 , 8881 , 8385 , 7445 , 7577 , 8052 , 6414 , 7102 , 8264 , 7769 , ...
     8931 , 6829 , 7061 , 7718 , 8659 , 9124 , 7921 , 9073 , 7183 , 8588 , 8810 , 9275 , 8072 , ...
     8760 , 7800 , 9427 , 6607 , 9164 , 7496 , 6769 , 8376 , 9306 , 6971 , 7668 , 8133 , 8346 , ...
     7871 , 8053 , 6648 , 6880 , 7547 , 8002 , 8680 , 6567 , 9357 , 7002 , 7244 , 8629 , 7457 , ...
     7689 , 8842 , 6486 , 9024 , 6921 , 8508 , 6850 , 8710 , 8882 , 6547 , 7932 , 9509 , 7639 , ...
     8114 , 7821 , 7346 , 8276 , 8478 , 9408 , 9631 , 7983 , 8216 , 8448 , 7043 , 9115 , 8418 , ...
     9560 , 8600 , 9045 , 7174 , 7872 , 6457 , 8539 , 6649 , 7084 , 8944 , 9176 , 6811 , 7741 , ...
     7711 , 7468 , 9308 , 6973 , 6497 , 6710 , 7377 , 6872 , 8034 , 7266 , 9126 , 7034 , 6761 , ...
     6518 , 8591 , 9278 , 6700 , 6670 , 6913 , 8308 , 9460 , 6417 , 7337 , 7812 , 9197 , 6640 , ...
     8490 , 6589 , 8197 , 6802 , 7924 , 8621 , 8854 , 7661 , 7408 , 7863 , 9006 , 8045 , 9430 , ...
     6863 , 7004 , 7227 , 8379 , 9057 , 9077 , 8541 , 9158 , 9370 , 6560 , 6570 , 7025 , 7500 , ...
     7955 , 8177 , 6782 , 6530 , 8592 , 7167 , 7409 , 7126 , 7814 , 7339 , 8441 , 8916 , 9320 , ...
     7915 , 6965 , 6924 , 6672 , 8259 , 8957 , 8016 , 8481 , 6470 , 7643 , 8320 , 9230 , 7835 , ...
     6622 , 7309 , 7987 , 8189 , 7006 , 8411 , 6763 , 8381 , 6733 , 7886 , 6956 , 8573 , 7380 , ...
     8078 , 6430 , 6905 , 7795 , 6865 , 7552 , 9160 , 8230 , 6572 , 9362 , 7471 , 6511 , 7664 , ...
     9271 , 6693 , 9241 , 7138 , 6592 , 8200 , 8442 , 6784 , 7239 , 7866 , 8341 , 6663 , 7604 , ...
     9201 , 6815 , 7947 , 8140 , 6724 , 7836 , 8059 , 8302 , 8534 , 7806 , 7786 , 7533 , 7988 , ...
     7291 , 7018 , 7725 , 7463 , 9090 , 6482 , 6917 , 6604 , 7261 , 7493 , 6533 , 6766 , 6938 , ...
     7868 , 6887 , 7120 , 8242 , 9142 , 8404 , 6523 , 8333 , 6655 , 6837 , 7980 , 8212 , 8172 , ...
     6514 , 6979 , 7353 , 8283 , 8475 , 6605 , 7929 , 8395 , 6757 , 7232 , 8142 , 7202 , 6939 , ...
     6888 , 8061 , 6646 , 7556 , 7050 , 7980 , 6585 , 6788 , 7475 , 6494 , 6737 , 8112 , 6687 , ...
     7111 , 7334 , 7738 , 8355 , 7395 , 8537 , 6899 , 8214 , 8143 , 7860 , 8315 , 8073 , 6657 , ...
     7517 , 6556 , 8386 , 6506 , 7203 , 7891 , 7628 , 8043 , 8265 , 6860 , 7750 , 7982 , 7932 , ...
     8508 , 8488 , 7073 , 6587 , 6830 , 7032 , 6780 , 7477 , 7922 , 7427 , 6931 , 7326 , 7548 , ...
     8448 , 7013 , 6740 , 6972 , 7599 , 6902 , 7781 , 8226 , 8186 , 7215 , 7428 , 6720 , 8338 , ...
     7387 , 7812 , 8409 , 6700 , 7155 , 7843 , 8287 , 7539 , 7984 , 6802 , 6559 , 7014 , 7257 , ...
     6933 , 7600 , 6873 , 8450 , 6812 , 7489 , 7196 , 6903 , 7368 , 7803 , 7096 , 8248 , 7065 , ...
     7308 , 6550 , 6792 , 6742 , 6964 , 7439 , 8359 , 7389 , 8309 , 7551 , 8410 , 8168 , 8390 , ...
     8097 , 7359 , 8037 , 6844 , 7986 , 6773 , 6743 , 6723 , 6945 , 7643 , 6682 , 7299 , 7936 , ...
     6966 , 7431 , 8341 , 6925 , 7178 , 8068 , 8432 , 6734 , 7401 , 7866 , 8038 , 7280 , 7745 , ...
     7977 , 8402 , 7452 , 7614 , 7563 , 7321 , 7523 , 7654 , 7412 , 6694 , 7826 , 7048 , 7018 , ...
     7230 , 7918 , 6967 , 6715 , 6907 , 7352 , 8009 , 6796 , 7706 , 7777 , 7251 , 6756 , 6685 , ...
     7949 , 7899 , 6726 , 6938 , 7980 , 7879 , 7606 , 7819 , 6858 , 7091 , 7313 , 6818 , 7748 , ...
     7253 , 7697 , 6677 , 7364 , 8062 , 6899 , 7789 , 7546 , 7031 , 7728 , 6940 , 7132 , 7809 , ...
     7334 , 6748 , 6667 , 6829 , 7294 , 6779 , 7001 , 7426 , 6708 , 7648 , 7861 , 6860 , 7487 , ...
     7214 , 6941 , 6628 , 6577 , 6729 , 6982 , 6901 , 7376 , 6871 , 7811 , 7073 , 7720 , 6760 , ...
     7862 , 6649 , 7033 , 7286 , 6801 , 6710 , 6609 , 7003 , 6741 , 7428 , 6690 , 7337 , 6539 , ...
     6509 , 6590 , 6822 , 6802 , 7267 , 7227 , 7207 , 6954 , 7409 , 6873 , 6742 , 6691 , 6651 , ...
     6621 , 6490 , 6935 , 6904 , 6996 , 6682 , 7097 , 6602 , 6784 , 6531 , 7057 , 6814 , 6541 , ...
     6481 , 6936 , 6572 , 6734 , 6653 , 7088 , 6512 , 6987 , 6462 , 6684 , 6715 , 6917 , 6594 , ...
     7059 , 7190 , 6817 , 6766 , 6928 , 6867 , 6544 , 6989 , 6676 , 6595 , 6737 , 6646 , 6798 , ...
     6778 , 6889 , 6606 , 7061 , 7163 , 6677 , 7122 , 7082 , 7042 , 6738 , 6830 , 6779 , 6901 , ...
     6932 , 6953];
fnl4461_opt_tour_length = 182566; % Known optimum tour length
