
% --------------------------------------------- gil262 ---------------------------------------------

% Name: gil262 ==> 262-city problem (Gillet/Johnson)
gil262(1,:) = ... % X-Coordinates
    [-99, -59, 0  , -17, -69, 31 , 5  , -12, -64, -12, -18, -77, -53, 83 , 24 , 17 , 42 , -65, ...
     -47, 85 , -35, 54 , 64 , 55 , 17 , -61, -61, 17 , 79 , -62, -90, 52 , -54, 8  , 37 , -83, ...
     35 , 7  , 12 , 57 , 92 , -3 , -7 , 42 , 77 , 59 , 25 , 69 , -82, 74 , 69 , 29 , -97, -58, ...
     28 , 7  , -28, -76, 41 , 92 , -84, -12, 51 , -37, -97, 14 , 60 , -63, -18, -46, -86, -43, ...
     -44, -3 , 36 , -30, 79 , 51 , -61, 6  , -19, -20, -81, 7  , 52 , 83 , -7 , 82 , -70, -83, ...
     71 , 85 , 66 , 78 , 9  , -36, 66 , 92 , -46, -30, -42, 20 , 15 , 1  , 64 , -96, 93 , -40, ...
     86 , 91 , 62 , -24, 11 , -53, -28, 7  , 95 , -3 , 53 , 58 , -83, -1 , -4 , -82, -43, 6  , ...
     70 , 68 , -94, -94, -21, 64 , -70, 88 , 2  , 33 , -70, -38, -80, -5 , 8  , -61, 76 , 49 , ...
     -30, 1  , 77 , -58, 82 , -80, 81 , 39 , -67, -25, -44, 32 , -17, 93 , 99 , 10 , 63 , 38 , ...
     -28, -2 , 38 , -42, -67, 19 , 40 , -61, 43 , -18, -69, 75 , 31 , 25 , -16, 91 , 60 , 49 , ...
     42 , 16 , -78, 53 , -46, -25, 69 , 0  , -84, -16, -63, 51 , -39, 5  , -55, 70 , 0  , -45, ...
     38 , 50 , 59 , -73, -29, -47, -88, -88, -46, 26 , -39, 92 , -80, 93 , -20, -22, -4 , 54 , ...
     -70, 54 , 29 , -87, -96, 49 , -5 , -26, -11, 40 , 82 , -92, -93, -66, -72, -57, 23 , -56, ...
     -19, 63 , -13, -19, 44 , 98 , -16, 3  , 26 , -38, 70 , 17 , 96 , -77, -14, -33, 33 , 70 , ...
     -50, -50, 75 , 0  , -75, 0  , 40 , 40 , -60, -60];
gil262(2,:) = ... % Y-Coordinates
    [-97, 50 , 14 , -66, -19, 12 , -41, 10 , 70 , 85 , 64 , -16, 88 , -24, 41 , 21 , 96 , 0  , ...
     -26, 36 , -54, -21, -17, 89 , -25, 66 , 26 , -72, 38 , -2 , -68, 66 , -50, -84, -90, 49 , ...
     -1 , 59 , 48 , 95 , 28 , 97 , 52 , -15, -43, -49, 91 , -19, -14, -70, 59 , 33 , 9  , 9  , ...
     93 , 73 , 73 , 55 , 42 , 40 , -29, 42 , -45, 46 , 35 , 89 , 58 , -75, 34 , -82, -79, -30, ...
     7  , -20, 41 , -94, -62, 70 , -26, 94 , -62, 51 , 37 , 31 , 12 , -91, -92, -74, 85 , -30, ...
     -61, 11 , -48, -87, -79, 4  , 39 , -17, -79, -63, 63 , 42 , 98 , -17, 20 , 85 , -29, -84, ...
     35 , 36 , -8 , 4  , 96 , 62 , -71, -4 , -9 , 17 , -90, -19, 84 , 49 , 17 , -3 , 47 , -6 , ...
     99 , -29, -30, -20, 77 , 37 , -19, 65 , 29 , 57 , 6  , -56, -95, -39, -22, -76, -22, -71, ...
     -68, 34 , 79 , 64 , -97, 55 , -86, -49, 72 , -89, -95, -68, 49 , 49 , 81 , -49, -41, 39 , ...
     39 , -47, 8  , -6 , 88 , 93 , 27 , 56 , 33 , -39, 19 , -18, 85 , 58 , 36 , 15 , -39, -47, ...
     33 , -81, 53 , -80, -26, -54, -46, -78, 74 , 16 , -14, -77, 61 , 97 , 39 , -14, 95 , 7  , ...
     -24, -37, 71 , -96, 72 , 12 , -61, 36 , -3 , -37, -67, 27 , -31, -50, -5 , 73 , -7 , -48, ...
     39 , -82, 41 , 51 , -36, 8  , 54 , 43 , 60 , 61 , 35 , 12 , -86, 63 , -87, -84, 52 , -62, ...
     59 , -14, 38 , 87 , -84, -17, 62 , 66 , 22 , -81, 80 , -35, -83, 80 , 44 , 33 , -33, 0  , ...
     60 , -60, 0  , 75 , 0  , -75, 80 , -80, 20 , -20];
gil262_opt_tour_length = 2378; % Known optimum tour length
