
% --------------------------------------------- kroA200 ---------------------------------------------

% Name: kroA200 ==> 200-city problem A (Krolak/Felts/Nelson)
kroA200(1,:) = ... % X-Coordinates
    [1357, 2650, 1774, 1307, 3806, 2687, 43  , 3092, 185 , 834 , 40  , 1183, 2048, 1097, 1838, ...
     234 , 3314, 737 , 779 , 2312, 2576, 3078, 2781, 705 , 3409, 323 , 1660, 3729, 693 , 2361, ...
     2433, 554 , 913 , 3586, 2636, 1000, 482 , 3704, 3635, 1362, 2049, 2552, 3939, 219 , 812 , ...
     901 , 2513, 242 , 826 , 3278, 86  , 14  , 1327, 2773, 2469, 3835, 1031, 3853, 1868, 1544, ...
     457 , 3174, 192 , 2318, 2232, 396 , 2365, 2499, 1410, 2990, 3646, 3394, 1779, 1058, 2933, ...
     3099, 2178, 138 , 2082, 2302, 805 , 22  , 3213, 99  , 1533, 3564, 29  , 3808, 2221, 3499, ...
     3124, 781 , 1027, 3249, 3297, 213 , 721 , 3736, 868 , 960 , 1380, 2848, 3510, 457 , 3888, ...
     984 , 2721, 1286, 2716, 738 , 1251, 2728, 3815, 3683, 1247, 123 , 1234, 252 , 611 , 2576, ...
     928 , 53  , 1807, 274 , 2574, 178 , 2678, 1795, 3384, 3520, 1256, 1424, 3913, 3085, 2573, ...
     463 , 3875, 298 , 3479, 2542, 3955, 1323, 3447, 2936, 1621, 3373, 1393, 3874, 938 , 3022, ...
     2482, 3854, 376 , 2519, 2945, 953 , 2628, 2097, 890 , 2139, 2421, 2290, 1115, 2588, 327 , ...
     241 , 1917, 2991, 2573, 19  , 3911, 872 , 2863, 929 , 839 , 3893, 2178, 3822, 378 , 1178, ...
     2599, 3416, 2961, 611 , 3113, 2597, 2586, 161 , 1429, 742 , 1625, 1187, 1787, 22  , 3640, ...
     3756, 776 , 1724, 198 , 3950];
kroA200(2,:) = ... % Y-Coordinates
    [1905, 802 , 107 , 964 , 746 , 1353, 1957, 1668, 1542, 629 , 462 , 1391, 1628, 643 , 1732, ...
     1118, 1881, 1285, 777 , 1949, 189 , 1541, 478 , 1812, 1917, 1714, 1556, 1188, 1383, 640 , ...
     1538, 1825, 317 , 1909, 727 , 457 , 1337, 1082, 1174, 1526, 417 , 1909, 640 , 898 , 351 , ...
     1552, 1572, 584 , 1226, 799 , 1065, 454 , 1893, 1286, 1838, 963 , 428 , 1712, 197 , 863 , ...
     1607, 1064, 1004, 1925, 1374, 828 , 1649, 658 , 307 , 214 , 1018, 1028, 90  , 372 , 1459, ...
     173 , 978 , 1610, 1753, 1127, 272 , 1617, 1085, 536 , 1780, 676 , 6   , 1375, 291 , 1885, ...
     408 , 671 , 1041, 378 , 491 , 220 , 186 , 1542, 731 , 303 , 939 , 96  , 1671, 334 , 666 , ...
     965 , 1482, 525 , 1432, 1325, 1832, 1698, 169 , 1533, 1945, 862 , 1946, 1240, 673 , 1676, ...
     1700, 857 , 1711, 1420, 946 , 24  , 1825, 962 , 1498, 1079, 61  , 1728, 192 , 1528, 1969, ...
     1670, 598 , 1513, 821 , 236 , 1743, 280 , 1830, 337 , 1830, 1646, 1368, 1318, 955 , 474 , ...
     1183, 923 , 825 , 135 , 1622, 268 , 1479, 981 , 1846, 1806, 1007, 1810, 1052, 302 , 265 , ...
     341 , 687 , 792 , 599 , 674 , 1673, 1559, 558 , 1766, 620 , 102 , 1619, 899 , 1048, 100 , ...
     901 , 143 , 1605, 1384, 885 , 1830, 1286, 906 , 134 , 1025, 1651, 706 , 1009, 987 , 43  , ...
     882 , 392 , 1642, 1810, 1558];
kroA200_opt_tour_length = 29368; % Known optimum tour length
