
% --------------------------------------------- kroA100 ---------------------------------------------

% Name: kroA100 ==> 100-city problem A (Krolak/Felts/Nelson)
kroA100(1,:) = ... % X-Coordinates
    [1380, 2848, 3510, 457 , 3888, 984 , 2721, 1286, 2716, 738 , 1251, 2728, 3815, 3683, 1247, ...
     123 , 1234, 252 , 611 , 2576, 928 , 53  , 1807, 274 , 2574, 178 , 2678, 1795, 3384, 3520, ...
     1256, 1424, 3913, 3085, 2573, 463 , 3875, 298 , 3479, 2542, 3955, 1323, 3447, 2936, 1621, ...
     3373, 1393, 3874, 938 , 3022, 2482, 3854, 376 , 2519, 2945, 953 , 2628, 2097, 890 , 2139, ...
     2421, 2290, 1115, 2588, 327 , 241 , 1917, 2991, 2573, 19  , 3911, 872 , 2863, 929 , 839 , ...
     3893, 2178, 3822, 378 , 1178, 2599, 3416, 2961, 611 , 3113, 2597, 2586, 161 , 1429, 742 , ...
     1625, 1187, 1787, 22  , 3640, 3756, 776 , 1724, 198 , 3950];
kroA100(2,:) = ... % Y-Coordinates
    [939 , 96  , 1671, 334 , 666 , 965 , 1482, 525 , 1432, 1325, 1832, 1698, 169 , 1533, 1945, ...
     862 , 1946, 1240, 673 , 1676, 1700, 857 , 1711, 1420, 946 , 24  , 1825, 962 , 1498, 1079, ...
     61  , 1728, 192 , 1528, 1969, 1670, 598 , 1513, 821 , 236 , 1743, 280 , 1830, 337 , 1830, ...
     1646, 1368, 1318, 955 , 474 , 1183, 923 , 825 , 135 , 1622, 268 , 1479, 981 , 1846, 1806, ...
     1007, 1810, 1052, 302 , 265 , 341 , 687 , 792 , 599 , 674 , 1673, 1559, 558 , 1766, 620 , ...
     102 , 1619, 899 , 1048, 100 , 901 , 143 , 1605, 1384, 885 , 1830, 1286, 906 , 134 , 1025, ...
     1651, 706 , 1009, 987 , 43  , 882 , 392 , 1642, 1810, 1558];
kroA100_opt_tour = ... % Known optimum tour
    [1  , 47 , 93 , 28 , 67 , 58 , 61 , 51 , 87 , 25 , 81 , 69 , 64 , 40 , 54 , 2  , 44 , 50 , ...
     73 , 68 , 85 , 82 , 95 , 13 , 76 , 33 , 37 , 5  , 52 , 78 , 96 , 39 , 30 , 48 , 100, 41 , ...
     71 , 14 , 3  , 43 , 46 , 29 , 34 , 83 , 55 , 7  , 9  , 57 , 20 , 12 , 27 , 86 , 35 , 62 , ...
     60 , 77 , 23 , 98 , 91 , 45 , 32 , 11 , 15 , 17 , 59 , 74 , 21 , 72 , 10 , 84 , 36 , 99 , ...
     38 , 24 , 18 , 79 , 53 , 88 , 16 , 94 , 22 , 70 , 66 , 26 , 65 , 4  , 97 , 56 , 80 , 31 , ...
     89 , 42 , 8  , 92 , 75 , 19 , 90 , 49 , 6  , 63];
kroA100_opt_tour_length = 21282; % Known optimum tour length
kroA100_opt_tour_length_calculated = 21285.4; % Calculated optimum tour length
