
% --------------------------------------------- kroA150 ---------------------------------------------

% Name: kroA150 ==> 150-city problem A (Krolak/Felts/Nelson)
kroA150(1,:) = ... % X-Coordinates
    [1380, 2848, 3510, 457 , 3888, 984 , 2721, 1286, 2716, 738 , 1251, 2728, 3815, 3683, 1247, ...
     123 , 1234, 252 , 611 , 2576, 928 , 53  , 1807, 274 , 2574, 178 , 2678, 1795, 3384, 3520, ...
     1256, 1424, 3913, 3085, 2573, 463 , 3875, 298 , 3479, 2542, 3955, 1323, 3447, 2936, 1621, ...
     3373, 1393, 3874, 938 , 3022, 2482, 3854, 376 , 2519, 2945, 953 , 2628, 2097, 890 , 2139, ...
     2421, 2290, 1115, 2588, 327 , 241 , 1917, 2991, 2573, 19  , 3911, 872 , 2863, 929 , 839 , ...
     3893, 2178, 3822, 378 , 1178, 2599, 3416, 2961, 611 , 3113, 2597, 2586, 161 , 1429, 742 , ...
     1625, 1187, 1787, 22  , 3640, 3756, 776 , 1724, 198 , 3950, 3477, 91  , 3972, 198 , 1806, ...
     538 , 3430, 2186, 1513, 2143, 53  , 3404, 1034, 2823, 3104, 3232, 2790, 374 , 741 , 3083, ...
     3502, 1280, 3326, 217 , 2503, 3527, 739 , 3548, 48  , 1419, 1689, 3468, 1628, 382 , 3029, ...
     3646, 285 , 1782, 1067, 2849, 920 , 1741, 876 , 2753, 2609, 3941, 3613, 1754, 2916, 2445];
kroA150(2,:) = ... % Y-Coordinates
    [939 , 96  , 1671, 334 , 666 , 965 , 1482, 525 , 1432, 1325, 1832, 1698, 169 , 1533, 1945, ...
     862 , 1946, 1240, 673 , 1676, 1700, 857 , 1711, 1420, 946 , 24  , 1825, 962 , 1498, 1079, ...
     61  , 1728, 192 , 1528, 1969, 1670, 598 , 1513, 821 , 236 , 1743, 280 , 1830, 337 , 1830, ...
     1646, 1368, 1318, 955 , 474 , 1183, 923 , 825 , 135 , 1622, 268 , 1479, 981 , 1846, 1806, ...
     1007, 1810, 1052, 302 , 265 , 341 , 687 , 792 , 599 , 674 , 1673, 1559, 558 , 1766, 620 , ...
     102 , 1619, 899 , 1048, 100 , 901 , 143 , 1605, 1384, 885 , 1830, 1286, 906 , 134 , 1025, ...
     1651, 706 , 1009, 987 , 43  , 882 , 392 , 1642, 1810, 1558, 949 , 1732, 329 , 1632, 733 , ...
     1023, 1088, 766 , 1646, 1611, 1657, 1307, 1344, 376 , 1931, 324 , 1457, 9   , 146 , 1938, ...
     1067, 237 , 1846, 38  , 1172, 41  , 1850, 1999, 154 , 872 , 1223, 1404, 253 , 872 , 1242, ...
     1758, 1029, 93  , 371 , 1214, 1835, 712 , 220 , 283 , 1286, 258 , 523 , 559 , 1724, 1820];
kroA150_opt_tour_length = 26524; % Known optimum tour length
