
% --------------------------------------------- kroB100 ---------------------------------------------

% Name: kroB100 ==> 100-city problem B (Krolak/Felts/Nelson)
kroB100(1,:) = ... % X-Coordinates
    [3140, 556 , 3675, 1182, 3595, 962 , 2030, 3507, 2642, 3438, 3858, 2937, 376 , 839 , 706 , ...
     749 , 298 , 694 , 387 , 2801, 3133, 1517, 1538, 844 , 2639, 3123, 2489, 3834, 3417, 2938, ...
     71  , 3245, 731 , 2312, 2426, 380 , 2310, 2830, 3829, 3684, 171 , 627 , 1490, 61  , 422 , ...
     2698, 2372, 177 , 3084, 1213, 3   , 1782, 3896, 1829, 1286, 3017, 2132, 2000, 3317, 1729, ...
     2408, 3292, 193 , 782 , 2503, 1697, 3821, 3370, 3162, 3938, 2741, 2330, 3918, 1794, 2929, ...
     3453, 896 , 399 , 2614, 2800, 2630, 563 , 1090, 2009, 3876, 3084, 1526, 1612, 1423, 3058, ...
     3782, 347 , 3904, 2191, 3220, 468 , 3611, 3114, 3515, 3060];
kroB100(2,:) = ... % Y-Coordinates
    [1401, 1056, 1522, 1853, 111 , 1895, 1186, 1851, 1269, 901 , 1472, 1568, 1018, 1355, 1925, ...
     920 , 615 , 552 , 190 , 695 , 1143, 266 , 224 , 520 , 1239, 217 , 1520, 1827, 1808, 543 , ...
     1323, 1828, 1741, 1270, 1851, 478 , 635 , 775 , 513 , 445 , 514 , 1261, 1123, 81  , 542 , ...
     1221, 127 , 1390, 748 , 910 , 1817, 995 , 742 , 812 , 550 , 108 , 1432, 1110, 1966, 1498, ...
     1747, 152 , 1210, 1462, 352 , 1924, 147 , 791 , 367 , 516 , 1583, 741 , 1088, 1589, 485 , ...
     1998, 705 , 850 , 195 , 653 , 20  , 1513, 1652, 1163, 1165, 774 , 1612, 328 , 1322, 1276, ...
     1865, 252 , 1444, 1579, 1454, 319 , 1968, 1629, 1892, 155];
kroB100_opt_tour_length = 22141; % Known optimum tour length
