
% --------------------------------------------- kroB150 ---------------------------------------------

% Name: kroB150 ==> 150-city problem B (Krolak/Felts/Nelson)
kroB150(1,:) = ... % X-Coordinates
    [1357, 2650, 1774, 1307, 3806, 2687, 43  , 3092, 185 , 834 , 40  , 1183, 2048, 1097, 1838, ...
     234 , 3314, 737 , 779 , 2312, 2576, 3078, 2781, 705 , 3409, 323 , 1660, 3729, 693 , 2361, ...
     2433, 554 , 913 , 3586, 2636, 1000, 482 , 3704, 3635, 1362, 2049, 2552, 3939, 219 , 812 , ...
     901 , 2513, 242 , 826 , 3278, 86  , 14  , 1327, 2773, 2469, 3835, 1031, 3853, 1868, 1544, ...
     457 , 3174, 192 , 2318, 2232, 396 , 2365, 2499, 1410, 2990, 3646, 3394, 1779, 1058, 2933, ...
     3099, 2178, 138 , 2082, 2302, 805 , 22  , 3213, 99  , 1533, 3564, 29  , 3808, 2221, 3499, ...
     3124, 781 , 1027, 3249, 3297, 213 , 721 , 3736, 868 , 960 , 3825, 2779, 201 , 2502, 765 , ...
     3105, 1937, 3364, 3702, 2164, 3019, 3098, 3239, 3359, 2081, 1398, 618 , 1878, 3803, 397 , ...
     3035, 2502, 3230, 3479, 958 , 3423, 78  , 96  , 3431, 2053, 3048, 571 , 3393, 2835, 144 , ...
     923 , 989 , 3061, 2977, 1668, 878 , 678 , 1086, 640 , 3551, 106 , 2243, 3796, 2643, 48];
kroB150(2,:) = ... % Y-Coordinates
    [1905, 802 , 107 , 964 , 746 , 1353, 1957, 1668, 1542, 629 , 462 , 1391, 1628, 643 , 1732, ...
     1118, 1881, 1285, 777 , 1949, 189 , 1541, 478 , 1812, 1917, 1714, 1556, 1188, 1383, 640 , ...
     1538, 1825, 317 , 1909, 727 , 457 , 1337, 1082, 1174, 1526, 417 , 1909, 640 , 898 , 351 , ...
     1552, 1572, 584 , 1226, 799 , 1065, 454 , 1893, 1286, 1838, 963 , 428 , 1712, 197 , 863 , ...
     1607, 1064, 1004, 1925, 1374, 828 , 1649, 658 , 307 , 214 , 1018, 1028, 90  , 372 , 1459, ...
     173 , 978 , 1610, 1753, 1127, 272 , 1617, 1085, 536 , 1780, 676 , 6   , 1375, 291 , 1885, ...
     408 , 671 , 1041, 378 , 491 , 220 , 186 , 1542, 731 , 303 , 1101, 435 , 693 , 1274, 833 , ...
     1823, 1400, 1498, 1624, 1874, 189 , 1594, 1376, 1693, 1011, 1100, 1953, 59  , 886 , 1217, ...
     152 , 146 , 380 , 1023, 1670, 1241, 1066, 691 , 78  , 1461, 1   , 1711, 782 , 1472, 1185, ...
     108 , 1997, 1211, 39  , 658 , 715 , 1599, 868 , 110 , 1673, 1267, 1332, 1401, 1320, 267];
kroB150_opt_tour_length = 26130; % Known optimum tour length
