
% --------------------------------------------- kroB200 ---------------------------------------------

% Name: kroB200 ==> 200-city problem B (Krolak/Felts/Nelson)
kroB200(1,:) = ... % X-Coordinates
    [3140, 556 , 3675, 1182, 3595, 962 , 2030, 3507, 2642, 3438, 3858, 2937, 376 , 839 , 706 , ...
     749 , 298 , 694 , 387 , 2801, 3133, 1517, 1538, 844 , 2639, 3123, 2489, 3834, 3417, 2938, ...
     71  , 3245, 731 , 2312, 2426, 380 , 2310, 2830, 3829, 3684, 171 , 627 , 1490, 61  , 422 , ...
     2698, 2372, 177 , 3084, 1213, 3   , 1782, 3896, 1829, 1286, 3017, 2132, 2000, 3317, 1729, ...
     2408, 3292, 193 , 782 , 2503, 1697, 3821, 3370, 3162, 3938, 2741, 2330, 3918, 1794, 2929, ...
     3453, 896 , 399 , 2614, 2800, 2630, 563 , 1090, 2009, 3876, 3084, 1526, 1612, 1423, 3058, ...
     3782, 347 , 3904, 2191, 3220, 468 , 3611, 3114, 3515, 3060, 2995, 202 , 981 , 1346, 781 , ...
     1009, 2927, 2982, 555 , 464 , 3452, 571 , 2656, 1623, 2067, 1725, 3600, 1109, 366 , 778 , ...
     386 , 3918, 3332, 2597, 811 , 241 , 2658, 394 , 3786, 264 , 2050, 3538, 1646, 2993, 547 , ...
     3373, 460 , 3060, 1828, 1021, 2347, 3535, 1529, 1203, 1787, 2740, 555 , 47  , 3935, 3062, ...
     387 , 2901, 931 , 1766, 401 , 149 , 2214, 3805, 1179, 1017, 2834, 634 , 1819, 1393, 1768, ...
     3023, 3248, 1632, 2223, 3868, 1541, 2374, 1962, 3007, 3220, 2356, 1604, 2028, 2581, 2221, ...
     2944, 1082, 997 , 2334, 1264, 1699, 235 , 2592, 3642, 3599, 1766, 240 , 1272, 3503, 80  , ...
     1677, 3766, 3946, 1994, 278];
kroB200(2,:) = ... % Y-Coordinates
    [1401, 1056, 1522, 1853, 111 , 1895, 1186, 1851, 1269, 901 , 1472, 1568, 1018, 1355, 1925, ...
     920 , 615 , 552 , 190 , 695 , 1143, 266 , 224 , 520 , 1239, 217 , 1520, 1827, 1808, 543 , ...
     1323, 1828, 1741, 1270, 1851, 478 , 635 , 775 , 513 , 445 , 514 , 1261, 1123, 81  , 542 , ...
     1221, 127 , 1390, 748 , 910 , 1817, 995 , 742 , 812 , 550 , 108 , 1432, 1110, 1966, 1498, ...
     1747, 152 , 1210, 1462, 352 , 1924, 147 , 791 , 367 , 516 , 1583, 741 , 1088, 1589, 485 , ...
     1998, 705 , 850 , 195 , 653 , 20  , 1513, 1652, 1163, 1165, 774 , 1612, 328 , 1322, 1276, ...
     1865, 252 , 1444, 1579, 1454, 319 , 1968, 1629, 1892, 155 , 264 , 233 , 848 , 408 , 670 , ...
     1001, 1777, 949 , 1121, 1302, 637 , 1982, 128 , 1723, 694 , 927 , 459 , 1196, 339 , 1282, ...
     1616, 1217, 1049, 349 , 1295, 1069, 360 , 1944, 1862, 36  , 1833, 125 , 1817, 624 , 25  , ...
     1902, 267 , 781 , 456 , 962 , 388 , 1112, 581 , 385 , 1902, 1101, 1753, 363 , 540 , 329 , ...
     199 , 920 , 512 , 692 , 980 , 1629, 1977, 1619, 969 , 333 , 1512, 294 , 814 , 859 , 1578, ...
     871 , 1906, 1742, 990 , 697 , 354 , 1944, 389 , 1524, 1945, 1568, 706 , 1736, 121 , 1578, ...
     632 , 1561, 942 , 523 , 1090, 1294, 1059, 248 , 699 , 514 , 678 , 619 , 246 , 301 , 1533, ...
     1238, 154 , 459 , 1852, 165];
kroB200_opt_tour_length = 29437; % Known optimum tour length
