
% --------------------------------------------- kroC100 ---------------------------------------------

% Name: kroC100 ==> 100-city problem C (Krolak/Felts/Nelson)
kroC100(1,:) = ... % X-Coordinates
    [1357, 2650, 1774, 1307, 3806, 2687, 43  , 3092, 185 , 834 , 40  , 1183, 2048, 1097, 1838, ...
     234 , 3314, 737 , 779 , 2312, 2576, 3078, 2781, 705 , 3409, 323 , 1660, 3729, 693 , 2361, ...
     2433, 554 , 913 , 3586, 2636, 1000, 482 , 3704, 3635, 1362, 2049, 2552, 3939, 219 , 812 , ...
     901 , 2513, 242 , 826 , 3278, 86  , 14  , 1327, 2773, 2469, 3835, 1031, 3853, 1868, 1544, ...
     457 , 3174, 192 , 2318, 2232, 396 , 2365, 2499, 1410, 2990, 3646, 3394, 1779, 1058, 2933, ...
     3099, 2178, 138 , 2082, 2302, 805 , 22  , 3213, 99  , 1533, 3564, 29  , 3808, 2221, 3499, ...
     3124, 781 , 1027, 3249, 3297, 213 , 721 , 3736, 868 , 960];
kroC100(2,:) = ... % Y-Coordinates
    [1905, 802 , 107 , 964 , 746 , 1353, 1957, 1668, 1542, 629 , 462 , 1391, 1628, 643 , 1732, ...
     1118, 1881, 1285, 777 , 1949, 189 , 1541, 478 , 1812, 1917, 1714, 1556, 1188, 1383, 640 , ...
     1538, 1825, 317 , 1909, 727 , 457 , 1337, 1082, 1174, 1526, 417 , 1909, 640 , 898 , 351 , ...
     1552, 1572, 584 , 1226, 799 , 1065, 454 , 1893, 1286, 1838, 963 , 428 , 1712, 197 , 863 , ...
     1607, 1064, 1004, 1925, 1374, 828 , 1649, 658 , 307 , 214 , 1018, 1028, 90  , 372 , 1459, ...
     173 , 978 , 1610, 1753, 1127, 272 , 1617, 1085, 536 , 1780, 676 , 6   , 1375, 291 , 1885, ...
     408 , 671 , 1041, 378 , 491 , 220 , 186 , 1542, 731 , 303];
kroC100_opt_tour = ... % Known optimum tour
    [1  , 85 , 27 , 15 , 13 , 79 , 64 , 20 , 42 , 55 , 67 , 47 , 31 , 65 , 80 , 77 , 30 , 68 , ...
     35 , 2  , 54 , 6  , 75 , 22 , 8  , 17 , 25 , 90 , 34 , 58 , 98 , 88 , 28 , 39 , 38 , 71 , ...
     56 , 43 , 5  , 86 , 72 , 83 , 62 , 50 , 95 , 94 , 91 , 76 , 70 , 23 , 21 , 89 , 41 , 59 , ...
     73 , 3  , 69 , 60 , 4  , 93 , 99 , 19 , 92 , 10 , 14 , 36 , 57 , 74 , 100, 33 , 45 , 81 , ...
     97 , 96 , 87 , 52 , 11 , 84 , 48 , 66 , 44 , 63 , 51 , 16 , 37 , 9  , 78 , 82 , 7  , 26 , ...
     61 , 32 , 24 , 46 , 29 , 18 , 49 , 12 , 40 , 53];
kroC100_opt_tour_length = 20749; % Known optimum tour length
kroC100_opt_tour_length_calculated = 20750.8; % Calculated optimum tour length
