
% --------------------------------------------- kroD100 ---------------------------------------------

% Name: kroD100 ==> 100-city problem D (Krolak/Felts/Nelson)
kroD100(1,:) = ... % X-Coordinates
    [2995, 202 , 981 , 1346, 781 , 1009, 2927, 2982, 555 , 464 , 3452, 571 , 2656, 1623, 2067, ...
     1725, 3600, 1109, 366 , 778 , 386 , 3918, 3332, 2597, 811 , 241 , 2658, 394 , 3786, 264 , ...
     2050, 3538, 1646, 2993, 547 , 3373, 460 , 3060, 1828, 1021, 2347, 3535, 1529, 1203, 1787, ...
     2740, 555 , 47  , 3935, 3062, 387 , 2901, 931 , 1766, 401 , 149 , 2214, 3805, 1179, 1017, ...
     2834, 634 , 1819, 1393, 1768, 3023, 3248, 1632, 2223, 3868, 1541, 2374, 1962, 3007, 3220, ...
     2356, 1604, 2028, 2581, 2221, 2944, 1082, 997 , 2334, 1264, 1699, 235 , 2592, 3642, 3599, ...
     1766, 240 , 1272, 3503, 80  , 1677, 3766, 3946, 1994, 278];
kroD100(2,:) = ... % Y-Coordinates
    [264 , 233 , 848 , 408 , 670 , 1001, 1777, 949 , 1121, 1302, 637 , 1982, 128 , 1723, 694 , ...
     927 , 459 , 1196, 339 , 1282, 1616, 1217, 1049, 349 , 1295, 1069, 360 , 1944, 1862, 36  , ...
     1833, 125 , 1817, 624 , 25  , 1902, 267 , 781 , 456 , 962 , 388 , 1112, 581 , 385 , 1902, ...
     1101, 1753, 363 , 540 , 329 , 199 , 920 , 512 , 692 , 980 , 1629, 1977, 1619, 969 , 333 , ...
     1512, 294 , 814 , 859 , 1578, 871 , 1906, 1742, 990 , 697 , 354 , 1944, 389 , 1524, 1945, ...
     1568, 706 , 1736, 121 , 1578, 632 , 1561, 942 , 523 , 1090, 1294, 1059, 248 , 699 , 514 , ...
     678 , 619 , 246 , 301 , 1533, 1238, 154 , 459 , 1852, 165];
kroD100_opt_tour = ... % Known optimum tour
    [1  , 50 , 34 , 81 , 38 , 66 , 8  , 52 , 46 , 23 , 42 , 89 , 11 , 90 , 17 , 94 , 32 , 97 , ...
     98 , 49 , 70 , 22 , 58 , 29 , 36 , 67 , 75 , 7  , 74 , 61 , 76 , 80 , 72 , 57 , 31 , 78 , ...
     99 , 45 , 33 , 68 , 14 , 65 , 86 , 96 , 16 , 63 , 54 , 91 , 77 , 43 , 64 , 85 , 59 , 3  , ...
     83 , 40 , 6  , 18 , 82 , 25 , 20 , 9  , 10 , 21 , 47 , 12 , 28 , 56 , 95 , 26 , 87 , 55 , ...
     92 , 48 , 2  , 100, 30 , 35 , 51 , 19 , 37 , 62 , 5  , 53 , 60 , 44 , 93 , 4  , 71 , 39 , ...
     73 , 15 , 69 , 84 , 41 , 24 , 27 , 88 , 79 , 13];
kroD100_opt_tour_length = 21294; % Known optimum tour length
kroD100_opt_tour_length_calculated = 21294.3; % Calculated optimum tour length
