
% --------------------------------------------- kroE100 ---------------------------------------------

% Name: kroE100 ==> 100-city problem E (Krolak/Felts/Nelson)
kroE100(1,:) = ... % X-Coordinates
    [3477, 91  , 3972, 198 , 1806, 538 , 3430, 2186, 1513, 2143, 53  , 3404, 1034, 2823, 3104, ...
     3232, 2790, 374 , 741 , 3083, 3502, 1280, 3326, 217 , 2503, 3527, 739 , 3548, 48  , 1419, ...
     1689, 3468, 1628, 382 , 3029, 3646, 285 , 1782, 1067, 2849, 920 , 1741, 876 , 2753, 2609, ...
     3941, 3613, 1754, 2916, 2445, 3825, 2779, 201 , 2502, 765 , 3105, 1937, 3364, 3702, 2164, ...
     3019, 3098, 3239, 3359, 2081, 1398, 618 , 1878, 3803, 397 , 3035, 2502, 3230, 3479, 958 , ...
     3423, 78  , 96  , 3431, 2053, 3048, 571 , 3393, 2835, 144 , 923 , 989 , 3061, 2977, 1668, ...
     878 , 678 , 1086, 640 , 3551, 106 , 2243, 3796, 2643, 48];
kroE100(2,:) = ... % Y-Coordinates
    [949 , 1732, 329 , 1632, 733 , 1023, 1088, 766 , 1646, 1611, 1657, 1307, 1344, 376 , 1931, ...
     324 , 1457, 9   , 146 , 1938, 1067, 237 , 1846, 38  , 1172, 41  , 1850, 1999, 154 , 872 , ...
     1223, 1404, 253 , 872 , 1242, 1758, 1029, 93  , 371 , 1214, 1835, 712 , 220 , 283 , 1286, ...
     258 , 523 , 559 , 1724, 1820, 1101, 435 , 693 , 1274, 833 , 1823, 1400, 1498, 1624, 1874, ...
     189 , 1594, 1376, 1693, 1011, 1100, 1953, 59  , 886 , 1217, 152 , 146 , 380 , 1023, 1670, ...
     1241, 1066, 691 , 78  , 1461, 1   , 1711, 782 , 1472, 1185, 108 , 1997, 1211, 39  , 658 , ...
     715 , 1599, 868 , 110 , 1673, 1267, 1332, 1401, 1320, 267];
kroE100_opt_tour_length = 22068; % Known optimum tour length
