
% --------------------------------------------- lin105 ---------------------------------------------

% Name: lin105 ==> 105-city problem (Subproblem of lin318)
lin105(1,:) = ... % X-Coordinates
    [63  , 94  , 142 , 173 , 205 , 213 , 244 , 276 , 283 , 362 , 394 , 449 , 480 , 512 , 528 , ...
     583 , 591 , 638 , 638 , 638 , 638 , 669 , 677 , 677 , 677 , 709 , 709 , 709 , 701 , 764 , ...
     811 , 843 , 858 , 890 , 921 , 992 , 1000, 1197, 1228, 1276, 1299, 1307, 1362, 1362, 1362, ...
     1425, 1425, 1425, 1417, 1488, 1488, 1488, 1551, 1551, 1551, 1614, 1614, 1614, 1732, 1811, ...
     1843, 1913, 1921, 2087, 2118, 2150, 2189, 2220, 2220, 2228, 2244, 2276, 2276, 2276, 2315, ...
     2315, 2315, 2331, 2346, 2346, 2346, 2362, 2402, 2402, 2480, 2496, 2528, 2559, 2630, 2638, ...
     2756, 2787, 2803, 2835, 2866, 2906, 2937, 2937, 2945, 3016, 3055, 3087, 606 , 1165, 1780];
lin105(2,:) = ... % Y-Coordinates
    [71  , 71  , 370 , 1276, 1213, 69  , 69  , 630 , 732 , 69  , 69  , 370 , 1276, 1213, 157 , ...
     630 , 732 , 654 , 496 , 314 , 142 , 142 , 315 , 496 , 654 , 654 , 496 , 315 , 142 , 220 , ...
     189 , 173 , 370 , 1276, 1213, 630 , 732 , 1276, 1213, 205 , 630 , 732 , 654 , 496 , 291 , ...
     654 , 496 , 291 , 173 , 291 , 496 , 654 , 654 , 496 , 291 , 291 , 496 , 654 , 189 , 1276, ...
     1213, 630 , 732 , 370 , 1276, 1213, 205 , 189 , 630 , 732 , 142 , 315 , 496 , 654 , 654 , ...
     496 , 315 , 142 , 315 , 496 , 654 , 142 , 157 , 220 , 142 , 370 , 1276, 1213, 630 , 732 , ...
     69  , 69  , 370 , 1276, 1213, 69  , 69  , 630 , 732 , 1276, 69  , 69  , 220 , 370 , 370];
lin105_opt_tour = ... % Known optimum tour
    [1  , 2  , 6  , 7  , 10 , 11 , 15 , 103, 21 , 22 , 29 , 30 , 31 , 32 , 33 , 28 , 23 , 20 , ...
     12 , 19 , 24 , 27 , 16 , 17 , 18 , 25 , 26 , 36 , 37 , 42 , 41 , 43 , 46 , 52 , 53 , 58 , ...
     57 , 54 , 51 , 47 , 44 , 104, 40 , 49 , 45 , 48 , 50 , 55 , 56 , 59 , 105, 62 , 63 , 70 , ...
     69 , 74 , 75 , 81 , 73 , 76 , 80 , 86 , 79 , 77 , 72 , 64 , 67 , 68 , 71 , 78 , 82 , 83 , ...
     84 , 85 , 91 , 92 , 96 , 97 , 101, 102, 93 , 89 , 90 , 98 , 99 , 100, 95 , 94 , 88 , 87 , ...
     66 , 65 , 61 , 60 , 39 , 38 , 35 , 34 , 14 , 13 , 4  , 5  , 9  , 8  , 3];
lin105_opt_tour_length = 14379; % Known optimum tour length
lin105_opt_tour_length_calculated = 14383; % Calculated optimum tour length
