
% --------------------------------------------- pcb3038 ---------------------------------------------

% Name: pcb3038 ==> Drilling problem (Junger/Reinelt)
pcb3038(1,:) = ... % X-Coordinates
    [2830.00 , 2830.00 , 2830.00 , 2831.00 , 2830.00 , 2831.00 , 2831.00 , 2831.00 , 2830.00 , ...
     2830.00 , 2792.00 , 2792.00 , 2790.00 , 2792.00 , 2791.00 , 2791.00 , 2790.00 , 2791.00 , ...
     2791.00 , 2792.00 , 2800.00 , 2801.00 , 2801.00 , 2800.00 , 2802.00 , 2800.00 , 2800.00 , ...
     2802.00 , 2800.00 , 2800.00 , 2762.00 , 2761.00 , 2761.00 , 2761.00 , 2762.00 , 2763.00 , ...
     2762.00 , 2761.00 , 2762.00 , 2761.00 , 2801.00 , 2803.00 , 2723.00 , 2724.00 , 2702.00 , ...
     2800.00 , 2799.00 , 2831.00 , 2801.00 , 2800.00 , 2829.00 , 2801.00 , 2800.00 , 2800.00 , ...
     2801.00 , 2799.00 , 2804.00 , 2759.00 , 2762.00 , 2762.00 , 2761.00 , 2763.00 , 2761.00 , ...
     2763.00 , 2761.00 , 2759.00 , 2761.00 , 2762.00 , 2801.00 , 2800.00 , 2801.00 , 2801.00 , ...
     2799.00 , 2800.00 , 2800.00 , 2800.00 , 2799.00 , 2800.00 , 2760.00 , 2760.00 , 2763.00 , ...
     2761.00 , 2761.00 , 2761.00 , 2762.00 , 2761.00 , 2762.00 , 2762.00 , 2800.00 , 2798.00 , ...
     2799.00 , 2801.00 , 2800.00 , 2801.00 , 2800.00 , 2800.00 , 2801.00 , 2800.00 , 2760.00 , ...
     2760.00 , 2761.00 , 2761.00 , 2763.00 , 2760.00 , 2761.00 , 2760.00 , 2761.00 , 2800.00 , ...
     2800.00 , 2772.00 , 2732.00 , 2788.00 , 2762.00 , 2732.00 , 2761.00 , 2761.00 , 2799.00 , ...
     2800.00 , 2799.00 , 2799.00 , 2799.00 , 2798.00 , 2799.00 , 2798.00 , 2798.00 , 2797.00 , ...
     2799.00 , 2800.00 , 2864.00 , 2865.00 , 2798.00 , 2798.00 , 2797.00 , 2698.00 , 2697.00 , ...
     2716.00 , 2696.00 , 2704.00 , 2704.00 , 2703.00 , 2694.00 , 2704.00 , 2714.00 , 2733.00 , ...
     2720.00 , 2721.00 , 2752.00 , 2712.00 , 2683.00 , 2642.00 , 2763.00 , 2761.00 , 2761.00 , ...
     2760.00 , 2732.00 , 2701.00 , 2699.00 , 2781.00 , 2701.00 , 2623.00 , 2621.00 , 2744.00 , ...
     2649.00 , 2609.00 , 2659.00 , 2658.00 , 2659.00 , 2658.00 , 2657.00 , 2660.00 , 2659.00 , ...
     2659.00 , 2545.00 , 2543.00 , 2543.00 , 2541.00 , 2538.00 , 2544.00 , 2541.00 , 2541.00 , ...
     2571.00 , 2571.00 , 2485.00 , 2524.00 , 2494.00 , 2590.00 , 2641.00 , 2659.00 , 2660.00 , ...
     2660.00 , 2658.00 , 2659.00 , 2660.00 , 2661.00 , 2658.00 , 2659.00 , 2582.00 , 2592.00 , ...
     2581.00 , 2543.00 , 2542.00 , 2543.00 , 2542.00 , 2542.00 , 2543.00 , 2543.00 , 2541.00 , ...
     2542.00 , 2543.00 , 2540.00 , 2617.00 , 2620.00 , 2570.00 , 2529.00 , 2656.00 , 2658.00 , ...
     2656.00 , 2657.00 , 2656.00 , 2657.00 , 2657.00 , 2657.00 , 2616.00 , 2617.00 , 2624.00 , ...
     2598.00 , 2558.00 , 2542.00 , 2540.00 , 2541.00 , 2540.00 , 2539.00 , 2539.00 , 2540.00 , ...
     2540.00 , 2501.00 , 2540.00 , 2540.00 , 2512.00 , 2628.00 , 2643.00 , 2667.00 , 2666.00 , ...
     2665.00 , 2667.00 , 2665.00 , 2665.00 , 2666.00 , 2666.00 , 2665.00 , 2667.00 , 2646.00 , ...
     2617.00 , 2628.00 , 2618.00 , 2548.00 , 2550.00 , 2552.00 , 2550.00 , 2550.00 , 2551.00 , ...
     2551.00 , 2551.00 , 2549.00 , 2550.00 , 2579.00 , 2665.00 , 2647.00 , 2667.00 , 2667.00 , ...
     2667.00 , 2665.00 , 2666.00 , 2665.00 , 2665.00 , 2548.00 , 2549.00 , 2549.00 , 2550.00 , ...
     2549.00 , 2548.00 , 2548.00 , 2538.00 , 2590.00 , 2666.00 , 2667.00 , 2667.00 , 2666.00 , ...
     2666.00 , 2665.00 , 2665.00 , 2666.00 , 2549.00 , 2548.00 , 2549.00 , 2548.00 , 2546.00 , ...
     2550.00 , 2548.00 , 2687.00 , 2686.00 , 2647.00 , 2645.00 , 2643.00 , 2645.00 , 2604.00 , ...
     2605.00 , 2605.00 , 2606.00 , 2606.00 , 2606.00 , 2604.00 , 2568.00 , 2568.00 , 2568.00 , ...
     2567.00 , 2566.00 , 2567.00 , 2568.00 , 2566.00 , 2568.00 , 2566.00 , 2567.00 , 2568.00 , ...
     2352.00 , 2348.00 , 2349.00 , 2349.00 , 2350.00 , 2349.00 , 2350.00 , 2400.00 , 2466.00 , ...
     2406.00 , 2378.00 , 2417.00 , 2397.00 , 2468.00 , 2467.00 , 2494.00 , 2467.00 , 2462.00 , ...
     2465.00 , 2465.00 , 2421.00 , 2377.00 , 2458.00 , 2468.00 , 2507.00 , 2351.00 , 2352.00 , ...
     2350.00 , 2350.00 , 2352.00 , 2350.00 , 2351.00 , 2467.00 , 2466.00 , 2466.00 , 2466.00 , ...
     2466.00 , 2466.00 , 2467.00 , 2513.00 , 2350.00 , 2418.00 , 2438.00 , 2475.00 , 2495.00 , ...
     2388.00 , 2348.00 , 2475.00 , 2466.00 , 2351.00 , 2350.00 , 2349.00 , 2347.00 , 2349.00 , ...
     2349.00 , 2348.00 , 2348.00 , 2388.00 , 2408.00 , 2468.00 , 2466.00 , 2465.00 , 2484.00 , ...
     2465.00 , 2465.00 , 2462.00 , 2466.00 , 2367.00 , 2380.00 , 2338.00 , 2415.00 , 2436.00 , ...
     2425.00 , 2426.00 , 2465.00 , 2473.00 , 2321.00 , 2320.00 , 2320.00 , 2318.00 , 2320.00 , ...
     2321.00 , 2322.00 , 2321.00 , 2321.00 , 2322.00 , 2349.00 , 2377.00 , 2378.00 , 2378.00 , ...
     2378.00 , 2378.00 , 2377.00 , 2376.00 , 2378.00 , 2378.00 , 2380.00 , 2525.00 , 2493.00 , ...
     2495.00 , 2493.00 , 2492.00 , 2493.00 , 2491.00 , 2492.00 , 2493.00 , 2494.00 , 2494.00 , ...
     2378.00 , 2379.00 , 2377.00 , 2379.00 , 2377.00 , 2379.00 , 2379.00 , 2454.00 , 2474.00 , ...
     2495.00 , 2493.00 , 2494.00 , 2491.00 , 2492.00 , 2493.00 , 2493.00 , 2495.00 , 2377.00 , ...
     2378.00 , 2377.00 , 2376.00 , 2377.00 , 2379.00 , 2378.00 , 2378.00 , 2406.00 , 2437.00 , ...
     2448.00 , 2495.00 , 2495.00 , 2495.00 , 2493.00 , 2493.00 , 2495.00 , 2494.00 , 2494.00 , ...
     2379.00 , 2377.00 , 2377.00 , 2375.00 , 2378.00 , 2376.00 , 2377.00 , 2446.00 , 2436.00 , ...
     2529.00 , 2515.00 , 2494.00 , 2491.00 , 2491.00 , 2492.00 , 2492.00 , 2493.00 , 2493.00 , ...
     2531.00 , 2531.00 , 2530.00 , 2376.00 , 2376.00 , 2376.00 , 2378.00 , 2377.00 , 2377.00 , ...
     2375.00 , 2377.00 , 2378.00 , 2376.00 , 2424.00 , 2454.00 , 2494.00 , 2495.00 , 2493.00 , ...
     2492.00 , 2493.00 , 2493.00 , 2493.00 , 2492.00 , 2494.00 , 2495.00 , 2390.00 , 2385.00 , ...
     2504.00 , 2268.00 , 2150.00 , 2150.00 , 2149.00 , 2147.00 , 2149.00 , 2147.00 , 2149.00 , ...
     2179.00 , 2191.00 , 2228.00 , 2227.00 , 2218.00 , 2240.00 , 2267.00 , 2268.00 , 2326.00 , ...
     2267.00 , 2302.00 , 2265.00 , 2305.00 , 2264.00 , 2267.00 , 2265.00 , 2303.00 , 2111.00 , ...
     2111.00 , 2187.00 , 2246.00 , 2266.00 , 2317.00 , 2229.00 , 2150.00 , 2149.00 , 2147.00 , ...
     2144.00 , 2150.00 , 2148.00 , 2148.00 , 2128.00 , 2178.00 , 2188.00 , 2225.00 , 2225.00 , ...
     2233.00 , 2303.00 , 2267.00 , 2266.00 , 2303.00 , 2265.00 , 2312.00 , 2266.00 , 2267.00 , ...
     2262.00 , 2266.00 , 2130.00 , 2167.00 , 2245.00 , 2286.00 , 2167.00 , 2136.00 , 2149.00 , ...
     2148.00 , 2147.00 , 2149.00 , 2145.00 , 2146.00 , 2146.00 , 2148.00 , 2148.00 , 2146.00 , ...
     2195.00 , 2193.00 , 2206.00 , 2186.00 , 2206.00 , 2224.00 , 2265.00 , 2265.00 , 2261.00 , ...
     2263.00 , 2264.00 , 2291.00 , 2263.00 , 2281.00 , 2264.00 , 2263.00 , 2261.00 , 2261.00 , ...
     2253.00 , 2173.00 , 2146.00 , 2145.00 , 2147.00 , 2146.00 , 2144.00 , 2147.00 , 2145.00 , ...
     2144.00 , 2147.00 , 2146.00 , 2204.00 , 2206.00 , 2205.00 , 2206.00 , 2205.00 , 2202.00 , ...
     2204.00 , 2204.00 , 2203.00 , 2203.00 , 2251.00 , 2240.00 , 2252.00 , 2308.00 , 2310.00 , ...
     2261.00 , 2194.00 , 2134.00 , 2148.00 , 2146.00 , 2143.00 , 2144.00 , 2148.00 , 2146.00 , ...
     2145.00 , 2145.00 , 2146.00 , 2146.00 , 2186.00 , 2244.00 , 2204.00 , 2203.00 , 2204.00 , ...
     2205.00 , 2199.00 , 2204.00 , 2230.00 , 2205.00 , 2203.00 , 2205.00 , 2205.00 , 2241.00 , ...
     2204.00 , 2203.00 , 2254.00 , 2328.00 , 2319.00 , 2319.00 , 2318.00 , 2287.00 , 2319.00 , ...
     2290.00 , 2319.00 , 2319.00 , 2291.00 , 2320.00 , 2321.00 , 2319.00 , 2319.00 , 2348.00 , ...
     2167.00 , 2164.00 , 2163.00 , 2136.00 , 2115.00 , 2107.00 , 2106.00 , 2107.00 , 2105.00 , ...
     2106.00 , 2104.00 , 2105.00 , 2105.00 , 2106.00 , 2175.00 , 2222.00 , 2187.00 , 2183.00 , ...
     2185.00 , 2209.00 , 2186.00 , 2182.00 , 2185.00 , 2184.00 , 2183.00 , 2212.00 , 2252.00 , ...
     2300.00 , 2300.00 , 2301.00 , 2301.00 , 2298.00 , 2299.00 , 2297.00 , 2296.00 , 2299.00 , ...
     2300.00 , 2337.00 , 2336.00 , 2338.00 , 2290.00 , 2106.00 , 2075.00 , 2108.00 , 2107.00 , ...
     2105.00 , 2107.00 , 2106.00 , 2103.00 , 2106.00 , 2106.00 , 2185.00 , 2185.00 , 2184.00 , ...
     2181.00 , 2184.00 , 2184.00 , 2183.00 , 2182.00 , 2222.00 , 2279.00 , 2328.00 , 2298.00 , ...
     2299.00 , 2298.00 , 2296.00 , 2299.00 , 2295.00 , 2300.00 , 2299.00 , 2339.00 , 2327.00 , ...
     2062.00 , 2106.00 , 2167.00 , 2106.00 , 2104.00 , 2105.00 , 2105.00 , 2103.00 , 2106.00 , ...
     2106.00 , 2166.00 , 2096.00 , 2097.00 , 2058.00 , 2061.00 , 2060.00 , 2058.00 , 2058.00 , ...
     2057.00 , 2058.00 , 1991.00 , 1979.00 , 1937.00 , 1942.00 , 1944.00 , 1943.00 , 1942.00 , ...
     1941.00 , 1941.00 , 1939.00 , 2037.00 , 2010.00 , 2062.00 , 2060.00 , 2059.00 , 2059.00 , ...
     2060.00 , 2059.00 , 2059.00 , 2050.00 , 1989.00 , 1990.00 , 1941.00 , 1942.00 , 1944.00 , ...
     1943.00 , 1943.00 , 1943.00 , 1941.00 , 1951.00 , 2058.00 , 2070.00 , 2069.00 , 2067.00 , ...
     2068.00 , 2068.00 , 2068.00 , 2068.00 , 2074.00 , 2107.00 , 2067.00 , 2028.00 , 2038.00 , ...
     2021.00 , 2000.00 , 1951.00 , 1950.00 , 1951.00 , 1951.00 , 1950.00 , 1950.00 , 1954.00 , ...
     1954.00 , 1951.00 , 1971.00 , 2009.00 , 1893.00 , 1912.00 , 1941.00 , 2009.00 , 2000.00 , ...
     2028.00 , 2029.00 , 2029.00 , 2029.00 , 2029.00 , 2028.00 , 2029.00 , 2028.00 , 2028.00 , ...
     2029.00 , 2076.00 , 2097.00 , 2048.00 , 2018.00 , 1971.00 , 1971.00 , 1971.00 , 1970.00 , ...
     1969.00 , 1971.00 , 1970.00 , 1969.00 , 1967.00 , 1969.00 , 2065.00 , 2107.00 , 2085.00 , ...
     2095.00 , 2112.00 , 2009.00 , 2030.00 , 2029.00 , 2029.00 , 2028.00 , 2028.00 , 2029.00 , ...
     2027.00 , 2027.00 , 2027.00 , 2028.00 , 1971.00 , 1970.00 , 1970.00 , 1972.00 , 1970.00 , ...
     1969.00 , 1971.00 , 1970.00 , 1970.00 , 1969.00 , 1970.00 , 1949.00 , 2009.00 , 2009.00 , ...
     2029.00 , 1982.00 , 1986.00 , 1988.00 , 1988.00 , 1989.00 , 1988.00 , 1988.00 , 1988.00 , ...
     1912.00 , 1912.00 , 1911.00 , 1911.00 , 1913.00 , 1911.00 , 1912.00 , 1910.00 , 2026.00 , ...
     1929.00 , 1990.00 , 1990.00 , 1989.00 , 1988.00 , 1990.00 , 1986.00 , 1989.00 , 1989.00 , ...
     1989.00 , 2036.00 , 2045.00 , 1911.00 , 1909.00 , 1911.00 , 1911.00 , 1911.00 , 1911.00 , ...
     1910.00 , 1912.00 , 1912.00 , 1930.00 , 2028.00 , 1988.00 , 1988.00 , 1989.00 , 1986.00 , ...
     1986.00 , 1987.00 , 1986.00 , 1984.00 , 2015.00 , 2036.00 , 2015.00 , 1949.00 , 1949.00 , ...
     1949.00 , 1949.00 , 1890.00 , 1911.00 , 1911.00 , 1910.00 , 1910.00 , 1911.00 , 1911.00 , ...
     1911.00 , 1911.00 , 1911.00 , 1893.00 , 1870.00 , 1884.00 , 1886.00 , 1896.00 , 1846.00 , ...
     1848.00 , 1846.00 , 1848.00 , 1848.00 , 1848.00 , 1850.00 , 1789.00 , 1781.00 , 1809.00 , ...
     1819.00 , 1770.00 , 1761.00 , 1808.00 , 1837.00 , 1903.00 , 1857.00 , 1855.00 , 1855.00 , ...
     1854.00 , 1886.00 , 1859.00 , 1856.00 , 1825.00 , 1856.00 , 1913.00 , 1894.00 , 1845.00 , ...
     1847.00 , 1863.00 , 1866.00 , 1866.00 , 1866.00 , 1865.00 , 1868.00 , 1866.00 , 1866.00 , ...
     1866.00 , 1863.00 , 1864.00 , 1862.00 , 1836.00 , 1749.00 , 1749.00 , 1750.00 , 1749.00 , ...
     1749.00 , 1748.00 , 1748.00 , 1750.00 , 1749.00 , 1717.00 , 1749.00 , 1750.00 , 1751.00 , ...
     1697.00 , 1920.00 , 1933.00 , 1892.00 , 1913.00 , 1854.00 , 1856.00 , 1855.00 , 1853.00 , ...
     1855.00 , 1855.00 , 1856.00 , 1855.00 , 1852.00 , 1853.00 , 1930.00 , 1929.00 , 1942.00 , ...
     1921.00 , 1923.00 , 1932.00 , 1884.00 , 1853.00 , 1855.00 , 1856.00 , 1854.00 , 1854.00 , ...
     1855.00 , 1853.00 , 1856.00 , 1855.00 , 1855.00 , 1852.00 , 1911.00 , 1871.00 , 1854.00 , ...
     1851.00 , 1832.00 , 1832.00 , 1692.00 , 1732.00 , 1733.00 , 1710.00 , 1735.00 , 1731.00 , ...
     1731.00 , 1731.00 , 1731.00 , 1681.00 , 1682.00 , 1645.00 , 1645.00 , 1643.00 , 1642.00 , ...
     1643.00 , 1643.00 , 1641.00 , 1732.00 , 1652.00 , 1736.00 , 1741.00 , 1741.00 , 1741.00 , ...
     1710.00 , 1740.00 , 1741.00 , 1742.00 , 1651.00 , 1652.00 , 1652.00 , 1651.00 , 1653.00 , ...
     1654.00 , 1651.00 , 1650.00 , 1785.00 , 1788.00 , 1787.00 , 1788.00 , 1788.00 , 1786.00 , ...
     1786.00 , 1787.00 , 1787.00 , 1758.00 , 1788.00 , 1757.00 , 1789.00 , 1785.00 , 1777.00 , ...
     1727.00 , 1730.00 , 1706.00 , 1709.00 , 1668.00 , 1668.00 , 1668.00 , 1669.00 , 1669.00 , ...
     1670.00 , 1670.00 , 1669.00 , 1669.00 , 1669.00 , 1669.00 , 1666.00 , 1797.00 , 1745.00 , ...
     1680.00 , 1630.00 , 1796.00 , 1795.00 , 1798.00 , 1797.00 , 1796.00 , 1797.00 , 1795.00 , ...
     1797.00 , 1736.00 , 1739.00 , 1728.00 , 1729.00 , 1736.00 , 1697.00 , 1699.00 , 1701.00 , ...
     1699.00 , 1699.00 , 1699.00 , 1698.00 , 1695.00 , 1795.00 , 1795.00 , 1797.00 , 1797.00 , ...
     1796.00 , 1795.00 , 1795.00 , 1796.00 , 1717.00 , 1739.00 , 1696.00 , 1699.00 , 1700.00 , ...
     1700.00 , 1699.00 , 1701.00 , 1699.00 , 1678.00 , 1700.00 , 1701.00 , 1698.00 , 1697.00 , ...
     1794.00 , 1795.00 , 1796.00 , 1795.00 , 1795.00 , 1795.00 , 1794.00 , 1795.00 , 1796.00 , ...
     1697.00 , 1698.00 , 1698.00 , 1698.00 , 1699.00 , 1696.00 , 1699.00 , 1697.00 , 1695.00 , ...
     1705.00 , 1443.00 , 1442.00 , 1440.00 , 1441.00 , 1442.00 , 1442.00 , 1440.00 , 1482.00 , ...
     1480.00 , 1481.00 , 1477.00 , 1529.00 , 1528.00 , 1531.00 , 1526.00 , 1530.00 , 1528.00 , ...
     1530.00 , 1548.00 , 1564.00 , 1415.00 , 1402.00 , 1412.00 , 1453.00 , 1452.00 , 1452.00 , ...
     1453.00 , 1451.00 , 1451.00 , 1454.00 , 1453.00 , 1451.00 , 1452.00 , 1452.00 , 1452.00 , ...
     1542.00 , 1537.00 , 1540.00 , 1542.00 , 1615.00 , 1576.00 , 1539.00 , 1533.00 , 1540.00 , ...
     1539.00 , 1538.00 , 1518.00 , 1412.00 , 1432.00 , 1452.00 , 1449.00 , 1450.00 , 1449.00 , ...
     1454.00 , 1452.00 , 1452.00 , 1451.00 , 1450.00 , 1452.00 , 1509.00 , 1529.00 , 1570.00 , ...
     1570.00 , 1567.00 , 1567.00 , 1566.00 , 1567.00 , 1566.00 , 1567.00 , 1565.00 , 1567.00 , ...
     1586.00 , 1605.00 , 1663.00 , 1660.00 , 1663.00 , 1598.00 , 1490.00 , 1490.00 , 1487.00 , ...
     1487.00 , 1489.00 , 1487.00 , 1489.00 , 1487.00 , 1492.00 , 1488.00 , 1517.00 , 1557.00 , ...
     1556.00 , 1602.00 , 1604.00 , 1604.00 , 1605.00 , 1601.00 , 1604.00 , 1603.00 , 1604.00 , ...
     1604.00 , 1603.00 , 1477.00 , 1458.00 , 1468.00 , 1494.00 , 1548.00 , 1594.00 , 1605.00 , ...
     1488.00 , 1486.00 , 1488.00 , 1488.00 , 1457.00 , 1489.00 , 1488.00 , 1457.00 , 1488.00 , ...
     1487.00 , 1544.00 , 1547.00 , 1535.00 , 1583.00 , 1585.00 , 1585.00 , 1584.00 , 1586.00 , ...
     1581.00 , 1586.00 , 1583.00 , 1485.00 , 1439.00 , 1448.00 , 1488.00 , 1493.00 , 1489.00 , ...
     1485.00 , 1492.00 , 1487.00 , 1490.00 , 1488.00 , 1583.00 , 1624.00 , 1588.00 , 1585.00 , ...
     1583.00 , 1601.00 , 1584.00 , 1584.00 , 1584.00 , 1586.00 , 1582.00 , 1584.00 , 1613.00 , ...
     1632.00 , 1640.00 , 1671.00 , 1499.00 , 1487.00 , 1488.00 , 1486.00 , 1487.00 , 1487.00 , ...
     1487.00 , 1488.00 , 1487.00 , 1488.00 , 1488.00 , 1547.00 , 1543.00 , 1582.00 , 1583.00 , ...
     1584.00 , 1584.00 , 1580.00 , 1584.00 , 1583.00 , 1584.00 , 1586.00 , 1624.00 , 1633.00 , ...
     1661.00 , 1622.00 , 1631.00 , 1651.00 , 1187.00 , 1225.00 , 1253.00 , 1283.00 , 1251.00 , ...
     1249.00 , 1252.00 , 1230.00 , 1250.00 , 1287.00 , 1254.00 , 1254.00 , 1292.00 , 1319.00 , ...
     1329.00 , 1327.00 , 1329.00 , 1329.00 , 1330.00 , 1329.00 , 1329.00 , 1396.00 , 1417.00 , ...
     1415.00 , 1405.00 , 1366.00 , 1376.00 , 1415.00 , 1260.00 , 1260.00 , 1258.00 , 1259.00 , ...
     1257.00 , 1259.00 , 1259.00 , 1258.00 , 1258.00 , 1297.00 , 1298.00 , 1298.00 , 1339.00 , ...
     1337.00 , 1334.00 , 1335.00 , 1336.00 , 1336.00 , 1336.00 , 1337.00 , 1336.00 , 1335.00 , ...
     1335.00 , 1333.00 , 1384.00 , 1279.00 , 1279.00 , 1236.00 , 1239.00 , 1238.00 , 1239.00 , ...
     1239.00 , 1239.00 , 1238.00 , 1238.00 , 1208.00 , 1238.00 , 1277.00 , 1315.00 , 1296.00 , ...
     1357.00 , 1356.00 , 1356.00 , 1401.00 , 1395.00 , 1359.00 , 1375.00 , 1357.00 , 1354.00 , ...
     1353.00 , 1357.00 , 1356.00 , 1051.00 , 1047.00 , 1049.00 , 1044.00 , 1046.00 , 1048.00 , ...
     1046.00 , 1099.00 , 1106.00 , 1096.00 , 1136.00 , 1134.00 , 1132.00 , 1134.00 , 1135.00 , ...
     1135.00 , 1136.00 , 1153.00 , 1182.00 , 1232.00 , 1036.00 , 1090.00 , 1162.00 , 1233.00 , ...
     1047.00 , 1049.00 , 1045.00 , 1046.00 , 1046.00 , 1046.00 , 1044.00 , 1048.00 , 1047.00 , ...
     1047.00 , 1105.00 , 1092.00 , 1074.00 , 1087.00 , 1086.00 , 1128.00 , 1142.00 , 1144.00 , ...
     1142.00 , 1143.00 , 1146.00 , 1142.00 , 1141.00 , 1142.00 , 1185.00 , 1221.00 , 1218.00 , ...
     1183.00 , 1094.00 , 1085.00 , 1029.00 , 1027.00 , 1144.00 , 1174.00 , 1202.00 , 1174.00 , ...
     998.000 , 998.000 , 995.000 , 999.000 , 997.000 , 996.000 , 997.000 , 998.000 , 996.000 , ...
     1055.00 , 1093.00 , 1095.00 , 1055.00 , 1054.00 , 1083.00 , 1094.00 , 1053.00 , 1053.00 , ...
     1056.00 , 1058.00 , 1057.00 , 1058.00 , 1059.00 , 1048.00 , 1078.00 , 1102.00 , 1171.00 , ...
     1173.00 , 1172.00 , 1137.00 , 1174.00 , 1172.00 , 1170.00 , 1152.00 , 1172.00 , 1172.00 , ...
     1171.00 , 1170.00 , 784.000 , 806.000 , 842.000 , 844.000 , 843.000 , 844.000 , 843.000 , ...
     845.000 , 843.000 , 843.000 , 882.000 , 884.000 , 930.000 , 933.000 , 932.000 , 931.000 , ...
     931.000 , 904.000 , 929.000 , 933.000 , 930.000 , 991.000 , 826.000 , 965.000 , 581.000 , ...
     642.000 , 642.000 , 637.000 , 642.000 , 641.000 , 641.000 , 642.000 , 640.000 , 671.000 , ...
     681.000 , 680.000 , 710.000 , 730.000 , 732.000 , 767.000 , 726.000 , 727.000 , 726.000 , ...
     729.000 , 729.000 , 728.000 , 805.000 , 782.000 , 842.000 , 855.000 , 872.000 , 845.000 , ...
     843.000 , 890.000 , 889.000 , 950.000 , 932.000 , 929.000 , 930.000 , 925.000 , 933.000 , ...
     928.000 , 958.000 , 932.000 , 929.000 , 931.000 , 929.000 , 1001.00 , 573.000 , 611.000 , ...
     610.000 , 601.000 , 654.000 , 640.000 , 642.000 , 638.000 , 640.000 , 641.000 , 640.000 , ...
     641.000 , 689.000 , 689.000 , 688.000 , 729.000 , 727.000 , 896.000 , 881.000 , 823.000 , ...
     746.000 , 602.000 , 599.000 , 828.000 , 803.000 , 824.000 , 825.000 , 823.000 , 823.000 , ...
     825.000 , 821.000 , 822.000 , 843.000 , 882.000 , 881.000 , 882.000 , 880.000 , 880.000 , ...
     882.000 , 882.000 , 879.000 , 750.000 , 753.000 , 754.000 , 773.000 , 747.000 , 710.000 , ...
     709.000 , 707.000 , 706.000 , 707.000 , 704.000 , 708.000 , 638.000 , 639.000 , 641.000 , ...
     637.000 , 638.000 , 639.000 , 640.000 , 640.000 , 641.000 , 602.000 , 638.000 , 1796.00 , ...
     1756.00 , 1717.00 , 1679.00 , 1631.00 , 1533.00 , 1051.00 , 1002.00 , 811.000 , 1758.00 , ...
     1719.00 , 1678.00 , 1640.00 , 1601.00 , 1563.00 , 1523.00 , 1485.00 , 1448.00 , 1408.00 , ...
     1370.00 , 1332.00 , 1292.00 , 1252.00 , 1215.00 , 1175.00 , 1140.00 , 1097.00 , 1060.00 , ...
     1022.00 , 982.000 , 947.000 , 905.000 , 865.000 , 829.000 , 790.000 , 752.000 , 713.000 , ...
     675.000 , 634.000 , 597.000 , 557.000 , 1757.00 , 1759.00 , 1739.00 , 1720.00 , 1699.00 , ...
     1679.00 , 1660.00 , 1640.00 , 1622.00 , 1606.00 , 1563.00 , 1574.00 , 1574.00 , 1548.00 , ...
     1488.00 , 1451.00 , 1464.00 , 1488.00 , 1410.00 , 1411.00 , 1391.00 , 1370.00 , 1361.00 , ...
     1334.00 , 1313.00 , 1274.00 , 1178.00 , 1140.00 , 1080.00 , 1042.00 , 1004.00 , 927.000 , ...
     928.000 , 869.000 , 871.000 , 830.000 , 811.000 , 782.000 , 752.000 , 713.000 , 716.000 , ...
     676.000 , 676.000 , 628.000 , 611.000 , 634.000 , 598.000 , 560.000 , 560.000 , 521.000 , ...
     1756.00 , 1717.00 , 1680.00 , 1642.00 , 1602.00 , 1564.00 , 1526.00 , 1487.00 , 1448.00 , ...
     1409.00 , 1369.00 , 1333.00 , 1294.00 , 1253.00 , 1218.00 , 1176.00 , 1139.00 , 1100.00 , ...
     1061.00 , 1024.00 , 983.000 , 945.000 , 904.000 , 869.000 , 829.000 , 789.000 , 751.000 , ...
     713.000 , 674.000 , 637.000 , 596.000 , 557.000 , 1642.00 , 1563.00 , 1456.00 , 1256.00 , ...
     1234.00 , 1144.00 , 1102.00 , 1060.00 , 984.000 , 948.000 , 883.000 , 848.000 , 769.000 , ...
     716.000 , 674.000 , 599.000 , 1475.00 , 1428.00 , 1429.00 , 1430.00 , 1430.00 , 1429.00 , ...
     1429.00 , 1430.00 , 1429.00 , 1428.00 , 1432.00 , 1428.00 , 1429.00 , 1425.00 , 1380.00 , ...
     1410.00 , 1380.00 , 1409.00 , 1352.00 , 1351.00 , 1351.00 , 1313.00 , 1270.00 , 1274.00 , ...
     1379.00 , 1343.00 , 1362.00 , 1291.00 , 1265.00 , 1286.00 , 1363.00 , 1369.00 , 1394.00 , ...
     1371.00 , 1370.00 , 1370.00 , 1369.00 , 1409.00 , 1369.00 , 1369.00 , 1273.00 , 1272.00 , ...
     1273.00 , 1274.00 , 1275.00 , 1272.00 , 1271.00 , 1273.00 , 1234.00 , 1272.00 , 1390.00 , ...
     1252.00 , 1343.00 , 1372.00 , 1372.00 , 1373.00 , 1371.00 , 1372.00 , 1369.00 , 1369.00 , ...
     1374.00 , 1328.00 , 1294.00 , 1271.00 , 1276.00 , 1274.00 , 1233.00 , 1273.00 , 1275.00 , ...
     1273.00 , 1276.00 , 1275.00 , 1224.00 , 1194.00 , 1320.00 , 1322.00 , 1392.00 , 1423.00 , ...
     1399.00 , 1408.00 , 1439.00 , 1370.00 , 1370.00 , 1368.00 , 1369.00 , 1371.00 , 1370.00 , ...
     1370.00 , 1367.00 , 1368.00 , 1367.00 , 1331.00 , 1332.00 , 1312.00 , 1274.00 , 1272.00 , ...
     1272.00 , 1272.00 , 1273.00 , 1272.00 , 1273.00 , 1274.00 , 1274.00 , 1274.00 , 1234.00 , ...
     1248.00 , 1226.00 , 1195.00 , 1198.00 , 1199.00 , 1197.00 , 1199.00 , 1196.00 , 1198.00 , ...
     1195.00 , 1197.00 , 1198.00 , 1196.00 , 1197.00 , 1206.00 , 1157.00 , 1157.00 , 1158.00 , ...
     1158.00 , 1159.00 , 1156.00 , 1156.00 , 1156.00 , 1159.00 , 1157.00 , 1160.00 , 1159.00 , ...
     1155.00 , 1161.00 , 1119.00 , 1191.00 , 1119.00 , 1194.00 , 1155.00 , 1159.00 , 1159.00 , ...
     1160.00 , 1161.00 , 1159.00 , 1157.00 , 1163.00 , 1108.00 , 1108.00 , 1082.00 , 1062.00 , ...
     1063.00 , 1064.00 , 1062.00 , 1063.00 , 1061.00 , 1060.00 , 1059.00 , 1176.00 , 1158.00 , ...
     1160.00 , 1155.00 , 1158.00 , 1159.00 , 1157.00 , 1158.00 , 1158.00 , 1109.00 , 1121.00 , ...
     1097.00 , 1064.00 , 1062.00 , 1064.00 , 1062.00 , 1061.00 , 1059.00 , 1061.00 , 1062.00 , ...
     1213.00 , 1224.00 , 1186.00 , 1204.00 , 1157.00 , 1158.00 , 1159.00 , 1160.00 , 1153.00 , ...
     1158.00 , 1158.00 , 1156.00 , 1157.00 , 1157.00 , 1118.00 , 1118.00 , 1118.00 , 1059.00 , ...
     1061.00 , 1063.00 , 1062.00 , 1061.00 , 1062.00 , 1059.00 , 1061.00 , 1059.00 , 1060.00 , ...
     954.000 , 955.000 , 1083.00 , 1073.00 , 1012.00 , 1072.00 , 981.000 , 1050.00 , 964.000 , ...
     1005.00 , 984.000 , 1031.00 , 1004.00 , 970.000 , 1003.00 , 968.000 , 928.000 , 928.000 , ...
     928.000 , 927.000 , 927.000 , 928.000 , 925.000 , 927.000 , 926.000 , 928.000 , 926.000 , ...
     929.000 , 926.000 , 924.000 , 886.000 , 889.000 , 888.000 , 888.000 , 889.000 , 887.000 , ...
     886.000 , 890.000 , 886.000 , 888.000 , 888.000 , 886.000 , 887.000 , 889.000 , 910.000 , ...
     947.000 , 869.000 , 947.000 , 946.000 , 946.000 , 946.000 , 947.000 , 945.000 , 947.000 , ...
     944.000 , 847.000 , 848.000 , 850.000 , 847.000 , 848.000 , 847.000 , 849.000 , 849.000 , ...
     863.000 , 867.000 , 944.000 , 941.000 , 944.000 , 945.000 , 945.000 , 943.000 , 945.000 , ...
     946.000 , 945.000 , 849.000 , 849.000 , 850.000 , 848.000 , 850.000 , 850.000 , 853.000 , ...
     938.000 , 910.000 , 943.000 , 947.000 , 943.000 , 946.000 , 947.000 , 947.000 , 947.000 , ...
     946.000 , 946.000 , 946.000 , 904.000 , 928.000 , 904.000 , 895.000 , 897.000 , 867.000 , ...
     848.000 , 848.000 , 849.000 , 848.000 , 852.000 , 850.000 , 849.000 , 850.000 , 826.000 , ...
     811.000 , 694.000 , 824.000 , 804.000 , 793.000 , 762.000 , 803.000 , 750.000 , 773.000 , ...
     861.000 , 831.000 , 842.000 , 759.000 , 791.000 , 780.000 , 829.000 , 808.000 , 819.000 , ...
     760.000 , 780.000 , 808.000 , 785.000 , 780.000 , 748.000 , 750.000 , 655.000 , 656.000 , ...
     655.000 , 656.000 , 658.000 , 656.000 , 656.000 , 658.000 , 657.000 , 657.000 , 657.000 , ...
     657.000 , 654.000 , 655.000 , 656.000 , 599.000 , 597.000 , 598.000 , 596.000 , 598.000 , ...
     599.000 , 600.000 , 597.000 , 597.000 , 598.000 , 597.000 , 598.000 , 597.000 , 598.000 , ...
     734.000 , 735.000 , 735.000 , 735.000 , 735.000 , 734.000 , 732.000 , 734.000 , 704.000 , ...
     680.000 , 689.000 , 697.000 , 657.000 , 639.000 , 636.000 , 639.000 , 637.000 , 635.000 , ...
     635.000 , 635.000 , 636.000 , 636.000 , 636.000 , 598.000 , 600.000 , 596.000 , 598.000 , ...
     596.000 , 596.000 , 597.000 , 598.000 , 595.000 , 595.000 , 733.000 , 628.000 , 547.000 , ...
     734.000 , 733.000 , 736.000 , 732.000 , 732.000 , 733.000 , 734.000 , 703.000 , 692.000 , ...
     733.000 , 731.000 , 733.000 , 734.000 , 732.000 , 732.000 , 734.000 , 733.000 , 674.000 , ...
     676.000 , 674.000 , 674.000 , 672.000 , 675.000 , 677.000 , 676.000 , 675.000 , 674.000 , ...
     666.000 , 676.000 , 675.000 , 672.000 , 674.000 , 675.000 , 675.000 , 674.000 , 674.000 , ...
     674.000 , 676.000 , 578.000 , 620.000 , 640.000 , 607.000 , 636.000 , 597.000 , 609.000 , ...
     438.000 , 417.000 , 457.000 , 453.000 , 454.000 , 456.000 , 457.000 , 457.000 , 456.000 , ...
     484.000 , 524.000 , 525.000 , 526.000 , 523.000 , 524.000 , 526.000 , 524.000 , 559.000 , ...
     390.000 , 363.000 , 339.000 , 340.000 , 340.000 , 342.000 , 341.000 , 341.000 , 342.000 , ...
     322.000 , 302.000 , 300.000 , 302.000 , 301.000 , 302.000 , 305.000 , 304.000 , 247.000 , ...
     223.000 , 212.000 , 233.000 , 169.000 , 186.000 , 186.000 , 186.000 , 189.000 , 186.000 , ...
     186.000 , 188.000 , 148.000 , 147.000 , 147.000 , 150.000 , 149.000 , 149.000 , 149.000 , ...
     111.000 , 91.0000 , 54.0000 , 33.0000 , 33.0000 , 35.0000 , 35.0000 , 33.0000 , 31.0000 , ...
     33.0000 , 34.0000 , 33.0000 , 34.0000 , 63.0000 , 90.0000 , 534.000 , 529.000 , 494.000 , ...
     467.000 , 437.000 , 454.000 , 397.000 , 415.000 , 366.000 , 322.000 , 312.000 , 272.000 , ...
     273.000 , 262.000 , 229.000 , 224.000 , 119.000 , 117.000 , 54.0000 , 52.0000 , 64.0000 , ...
     4.00000 , -47.0000, 4.00000 , 34.0000 , 12.0000 , 550.000 , 525.000 , 525.000 , 521.000 , ...
     523.000 , 523.000 , 521.000 , 527.000 , 455.000 , 427.000 , 428.000 , 429.000 , 428.000 , ...
     427.000 , 426.000 , 430.000 , 370.000 , 387.000 , 367.000 , 311.000 , 311.000 , 313.000 , ...
     313.000 , 309.000 , 311.000 , 316.000 , 234.000 , 234.000 , 234.000 , 212.000 , 233.000 , ...
     233.000 , 235.000 , 236.000 , 158.000 , 117.000 , 118.000 , 119.000 , 118.000 , 120.000 , ...
     119.000 , 120.000 , 544.000 , 522.000 , 477.000 , 475.000 , 449.000 , 396.000 , 299.000 , ...
     243.000 , 262.000 , 214.000 , 205.000 , 225.000 , 166.000 , 127.000 , 106.000 , 89.0000 , ...
     23.0000 , -61.0000, -57.0000, 523.000 , 524.000 , 523.000 , 522.000 , 523.000 , 523.000 , ...
     523.000 , 523.000 , 526.000 , 523.000 , 476.000 , 476.000 , 475.000 , 475.000 , 477.000 , ...
     474.000 , 475.000 , 478.000 , 478.000 , 475.000 , 475.000 , 878.000 , 474.000 , 475.000 , ...
     475.000 , 478.000 , 475.000 , 475.000 , 476.000 , 476.000 , 476.000 , 436.000 , 439.000 , ...
     438.000 , 434.000 , 436.000 , 435.000 , 436.000 , 435.000 , 436.000 , 436.000 , 438.000 , ...
     435.000 , 435.000 , 434.000 , 436.000 , 438.000 , 437.000 , 437.000 , 438.000 , 438.000 , ...
     437.000 , 434.000 , 391.000 , 377.000 , 385.000 , 367.000 , 378.000 , 358.000 , 346.000 , ...
     317.000 , 322.000 , 322.000 , 319.000 , 321.000 , 319.000 , 321.000 , 321.000 , 320.000 , ...
     320.000 , 320.000 , 321.000 , 318.000 , 319.000 , 320.000 , 321.000 , 319.000 , 321.000 , ...
     321.000 , 319.000 , 279.000 , 283.000 , 281.000 , 281.000 , 280.000 , 282.000 , 281.000 , ...
     281.000 , 281.000 , 281.000 , 283.000 , 281.000 , 281.000 , 282.000 , 281.000 , 281.000 , ...
     281.000 , 284.000 , 283.000 , 282.000 , 282.000 , 216.000 , 246.000 , 241.000 , 230.000 , ...
     260.000 , 236.000 , 235.000 , 205.000 , 167.000 , 170.000 , 166.000 , 165.000 , 167.000 , ...
     187.000 , 168.000 , 167.000 , 165.000 , 168.000 , 167.000 , 170.000 , 167.000 , 166.000 , ...
     165.000 , 167.000 , 167.000 , 169.000 , 167.000 , 167.000 , 168.000 , 167.000 , 131.000 , ...
     129.000 , 128.000 , 125.000 , 128.000 , 126.000 , 128.000 , 123.000 , 127.000 , 128.000 , ...
     129.000 , 127.000 , 128.000 , 131.000 , 129.000 , 130.000 , 130.000 , 127.000 , 128.000 , ...
     91.0000 , 89.0000 , 87.0000 , 87.0000 , 86.0000 , 86.0000 , 90.0000 , 87.0000 , 90.0000 , ...
     86.0000 , 88.0000 , 90.0000 , 91.0000 , 88.0000 , 94.0000 , 91.0000 , 88.0000 , 89.0000 , ...
     89.0000 , 53.0000 , 49.0000 , 49.0000 , 51.0000 , 51.0000 , 49.0000 , 50.0000 , 50.0000 , ...
     51.0000 , 49.0000 , 51.0000 , 50.0000 , 51.0000 , 50.0000 , 53.0000 , 50.0000 , 50.0000 , ...
     47.0000 , 50.0000 , 49.0000 , 11.0000 , 16.0000 , 12.0000 , 13.0000 , 15.0000 , 12.0000 , ...
     11.0000 , 14.0000 , 13.0000 , 14.0000 , 16.0000 , 13.0000 , 14.0000 , 10.0000 , 12.0000 , ...
     10.0000 , 15.0000 , 15.0000 , 11.0000 , 11.0000 , 21.0000 , 88.0000 , 88.0000 , 503.000 , ...
     512.000 , 542.000 , 521.000 , 534.000 , 484.000 , 434.000 , 414.000 , 394.000 , 426.000 , ...
     463.000 , 484.000 , 415.000 , 435.000 , 436.000 , 463.000 , 494.000 , 484.000 , 484.000 , ...
     483.000 , 483.000 , 484.000 , 483.000 , 484.000 , 482.000 , 482.000 , 484.000 , 485.000 , ...
     483.000 , 521.000 , 520.000 , 523.000 , 521.000 , 521.000 , 524.000 , 520.000 , 521.000 , ...
     522.000 , 520.000 , 473.000 , 337.000 , 359.000 , 368.000 , 368.000 , 367.000 , 367.000 , ...
     368.000 , 367.000 , 367.000 , 368.000 , 368.000 , 370.000 , 369.000 , 365.000 , 322.000 , ...
     319.000 , 318.000 , 319.000 , 318.000 , 319.000 , 319.000 , 318.000 , 319.000 , 318.000 , ...
     290.000 , 281.000 , 282.000 , 280.000 , 278.000 , 280.000 , 280.000 , 279.000 , 281.000 , ...
     280.000 , 281.000 , 280.000 , 277.000 , 348.000 , 385.000 , 387.000 , 365.000 , 376.000 , ...
     394.000 , 395.000 , 308.000 , 279.000 , 280.000 , 321.000 , 283.000 , 316.000 , 282.000 , ...
     321.000 , 280.000 , 320.000 , 282.000 , 320.000 , 279.000 , 318.000 , 283.000 , 319.000 , ...
     281.000 , 318.000 , 282.000 , 321.000 , 280.000 , 320.000 , 281.000 , 557.000 , 559.000 , ...
     556.000 , 558.000 , 558.000 , 559.000 , 558.000 , 559.000 , 561.000 , 560.000 , 490.000 , ...
     463.000 , 462.000 , 464.000 , 463.000 , 461.000 , 464.000 , 462.000 , 464.000 , 463.000 , ...
     464.000 , 558.000 , 559.000 , 559.000 , 562.000 , 558.000 , 561.000 , 558.000 , 559.000 , ...
     560.000 , 561.000 , 520.000 , 509.000 , 511.000 , 509.000 , 460.000 , 443.000 , 452.000 , ...
     464.000 , 463.000 , 461.000 , 462.000 , 463.000 , 462.000 , 462.000 , 462.000 , 444.000 , ...
     357.000 , 394.000 , 397.000 , 396.000 , 384.000 , 388.000 , 374.000 , 403.000 , 424.000 , ...
     406.000 , 405.000 , 442.000 , 344.000 , 349.000 , 346.000 , 347.000 , 348.000 , 347.000 , ...
     346.000 , 349.000 , 347.000 , 349.000 , 349.000 , 347.000 , 348.000 , 346.000 , 346.000 , ...
     347.000 , 348.000 , 346.000 , 348.000 , 344.000 , 347.000 , 324.000 , 307.000 , 296.000 , ...
     327.000 , 296.000 , 270.000 , 272.000 , 269.000 , 272.000 , 270.000 , 271.000 , 273.000 , ...
     250.000 , 231.000 , 221.000 , 242.000 , 263.000 , 252.000 , 212.000 , 211.000 , 272.000 , ...
     270.000 , 268.000 , 270.000 , 270.000 , 270.000 , 270.000 , 270.000 , 271.000 , 213.000 , ...
     194.000 , 223.000 , 222.000 , 234.000 , 231.000 , 202.000 , 203.000 , 202.000 , 203.000 , ...
     201.000 , 204.000 , 204.000 , 202.000 , 200.000 , 204.000 , 203.000 , 204.000 , 205.000 , ...
     205.000 , 204.000 , 204.000 , 204.000 , 203.000 , 204.000 , 204.000 , 164.000 , 165.000 , ...
     165.000 , 164.000 , 164.000 , 165.000 , 164.000 , 164.000 , 166.000 , 165.000 , 164.000 , ...
     164.000 , 165.000 , 164.000 , 166.000 , 165.000 , 166.000 , 163.000 , 165.000 , 165.000 , ...
     164.000 , 163.000 , 166.000 , 166.000 , 164.000 , 128.000 , 127.000 , 127.000 , 125.000 , ...
     125.000 , 127.000 , 125.000 , 128.000 , 127.000 , 126.000 , 128.000 , 127.000 , 127.000 , ...
     126.000 , 127.000 , 126.000 , 126.000 , 128.000 , 127.000 , 124.000 , 127.000 , 129.000 , ...
     78.0000 , 88.0000 , 90.0000 , 87.0000 , 87.0000 , 90.0000 , 91.0000 , 90.0000 , 92.0000 , ...
     89.0000 , 87.0000 , 86.0000 , 90.0000 , 88.0000 , 89.0000 , 87.0000 , 89.0000 , 89.0000 , ...
     90.0000 , 88.0000 , 87.0000 , 88.0000 , 50.0000 , 50.0000 , 51.0000 , 49.0000 , 50.0000 , ...
     49.0000 , 49.0000 , 48.0000 , 50.0000 , 50.0000 , 50.0000 , 49.0000 , 50.0000 , 50.0000 , ...
     49.0000 , 50.0000 , 50.0000 , 51.0000 , 49.0000 , 49.0000 , -23.0000, 10.0000 , 12.0000 , ...
     11.0000 , 11.0000 , 11.0000 , 11.0000 , 13.0000 , 10.0000 , 9.00000 , 10.0000 , 9.00000 , ...
     11.0000 , 10.0000 , 10.0000 , 11.0000 , 9.00000 , 10.0000 , 10.0000 , 10.0000 , 11.0000 , ...
     126.000 , 173.000 , 174.000 , 155.000 , 154.000 , 156.000 , 154.000 , 154.000 , 154.000 , ...
     156.000 , 153.000 , 136.000 , 135.000 , 155.000 , 156.000 , 155.000 , 155.000 , 154.000 , ...
     152.000 , 156.000 , 155.000 , 157.000 , 115.000 , 114.000 , 114.000 , 113.000 , 113.000 , ...
     112.000 , 112.000 , 112.000 , 112.000 , 116.000 , 113.000 , 114.000 , 105.000 , 103.000 , ...
     107.000 , 105.000 , 105.000 , 66.0000 , 64.0000 , 75.0000 , 36.0000 , 75.0000 , 37.0000 , ...
     76.0000 , 35.0000 , 77.0000 , 37.0000 , 77.0000 , 37.0000 , 78.0000 , 36.0000 , -4.00000, ...
     17.0000 , 16.0000 , -66.0000, -68.0000, 38.0000];
pcb3038(2,:) = ... % Y-Coordinates
    [40.0000 , 77.0000 , 114.000 , 155.000 , 194.000 , 231.000 , 269.000 , 309.000 , 347.000 , ...
     384.000 , 35.0000 , 75.0000 , 115.000 , 153.000 , 191.000 , 231.000 , 271.000 , 306.000 , ...
     345.000 , 384.000 , 460.000 , 499.000 , 538.000 , 578.000 , 620.000 , 654.000 , 694.000 , ...
     732.000 , 772.000 , 810.000 , 459.000 , 497.000 , 540.000 , 578.000 , 591.000 , 656.000 , ...
     694.000 , 731.000 , 770.000 , 808.000 , 946.000 , 1034.00 , 943.000 , 1029.00 , 1003.00 , ...
     1098.00 , 1137.00 , 1158.00 , 1178.00 , 1216.00 , 1237.00 , 1254.00 , 1292.00 , 1331.00 , ...
     1370.00 , 1409.00 , 1450.00 , 1098.00 , 1138.00 , 1178.00 , 1213.00 , 1255.00 , 1293.00 , ...
     1330.00 , 1369.00 , 1411.00 , 1446.00 , 617.000 , 1507.00 , 1548.00 , 1581.00 , 1619.00 , ...
     1656.00 , 1698.00 , 1738.00 , 1781.00 , 1820.00 , 1856.00 , 1506.00 , 1543.00 , 1586.00 , ...
     1621.00 , 1659.00 , 1698.00 , 1737.00 , 1775.00 , 1821.00 , 1853.00 , 2067.00 , 2102.00 , ...
     2143.00 , 2183.00 , 2221.00 , 2262.00 , 2299.00 , 2337.00 , 2376.00 , 2414.00 , 2066.00 , ...
     2105.00 , 2144.00 , 2184.00 , 2222.00 , 2259.00 , 2297.00 , 2338.00 , 2372.00 , 2411.00 , ...
     2491.00 , 2512.00 , 2491.00 , 2167.00 , 2676.00 , 2618.00 , 2903.00 , 2983.00 , 3041.00 , ...
     3083.00 , 3117.00 , 3085.00 , 3195.00 , 3234.00 , 3274.00 , 3312.00 , 3350.00 , 3389.00 , ...
     3427.00 , 3464.00 , 3474.00 , 3515.00 , 3563.00 , 3796.00 , 3794.00 , 39.0000 , 116.000 , ...
     191.000 , 540.000 , 1437.00 , 1583.00 , 1680.00 , 2221.00 , 2317.00 , 2345.00 , 2374.00 , ...
     3100.00 , 3147.00 , 3198.00 , 3194.00 , 3196.00 , 3195.00 , 3292.00 , 3332.00 , 3369.00 , ...
     3409.00 , 3467.00 , 3621.00 , 3852.00 , 3940.00 , 3940.00 , 3945.00 , -5.00000, 18.0000 , ...
     25.0000 , 48.0000 , 94.0000 , 134.000 , 171.000 , 208.000 , 248.000 , 285.000 , 325.000 , ...
     368.000 , 92.0000 , 131.000 , 170.000 , 212.000 , 248.000 , 288.000 , 246.000 , 362.000 , ...
     270.000 , 325.000 , 36.0000 , 54.0000 , 249.000 , 393.000 , 411.000 , 441.000 , 500.000 , ...
     538.000 , 577.000 , 618.000 , 656.000 , 701.000 , 733.000 , 772.000 , 439.000 , 521.000 , ...
     770.000 , 497.000 , 536.000 , 579.000 , 615.000 , 657.000 , 691.000 , 734.000 , 771.000 , ...
     808.000 , 847.000 , 877.000 , 847.000 , 916.000 , 1004.00 , 1003.00 , 1042.00 , 1082.00 , ...
     1118.00 , 1159.00 , 1200.00 , 1236.00 , 1272.00 , 1314.00 , 1137.00 , 1195.00 , 1273.00 , ...
     1314.00 , 1214.00 , 1040.00 , 1079.00 , 1121.00 , 1156.00 , 1195.00 , 1231.00 , 1272.00 , ...
     1311.00 , 1342.00 , 1358.00 , 1398.00 , 1436.00 , 1435.00 , 1484.00 , 1524.00 , 1560.00 , ...
     1601.00 , 1640.00 , 1679.00 , 1728.00 , 1755.00 , 1794.00 , 1836.00 , 1873.00 , 1486.00 , ...
     1525.00 , 1715.00 , 1756.00 , 1524.00 , 1561.00 , 1600.00 , 1640.00 , 1677.00 , 1717.00 , ...
     1756.00 , 1798.00 , 1832.00 , 1874.00 , 1893.00 , 1935.00 , 1991.00 , 2025.00 , 2064.00 , ...
     2104.00 , 2139.00 , 2178.00 , 2220.00 , 2254.00 , 2258.00 , 2218.00 , 2180.00 , 2141.00 , ...
     2103.00 , 2064.00 , 2025.00 , 1987.00 , 2333.00 , 2328.00 , 2394.00 , 2432.00 , 2470.00 , ...
     2508.00 , 2550.00 , 2586.00 , 2626.00 , 2393.00 , 2431.00 , 2473.00 , 2512.00 , 2548.00 , ...
     2591.00 , 2627.00 , 2716.00 , 2868.00 , 2711.00 , 2866.00 , 2906.00 , 2984.00 , 2905.00 , ...
     3109.00 , 3136.00 , 3290.00 , 3333.00 , 3368.00 , 3410.00 , 3037.00 , 3079.00 , 3119.00 , ...
     3157.00 , 3195.00 , 3234.00 , 3274.00 , 3310.00 , 3350.00 , 3386.00 , 3428.00 , 3466.00 , ...
     89.0000 , 125.000 , 168.000 , 208.000 , 244.000 , 286.000 , 322.000 , 333.000 , 323.000 , ...
     207.000 , 168.000 , 130.000 , 70.0000 , 283.000 , 242.000 , 245.000 , 208.000 , 168.000 , ...
     129.000 , 90.0000 , 383.000 , 449.000 , 392.000 , 467.000 , 561.000 , 534.000 , 574.000 , ...
     614.000 , 652.000 , 691.000 , 727.000 , 768.000 , 765.000 , 729.000 , 692.000 , 649.000 , ...
     613.000 , 574.000 , 540.000 , 572.000 , 827.000 , 836.000 , 875.000 , 833.000 , 941.000 , ...
     942.000 , 940.000 , 1008.00 , 1038.00 , 1040.00 , 1075.00 , 1114.00 , 1152.00 , 1192.00 , ...
     1232.00 , 1270.00 , 1307.00 , 1209.00 , 1116.00 , 1310.00 , 1269.00 , 1232.00 , 1212.00 , ...
     1190.00 , 1158.00 , 1112.00 , 1075.00 , 1354.00 , 1433.00 , 1452.00 , 1482.00 , 1431.00 , ...
     1394.00 , 1358.00 , 1471.00 , 1373.00 , 1522.00 , 1557.00 , 1598.00 , 1638.00 , 1673.00 , ...
     1717.00 , 1755.00 , 1794.00 , 1832.00 , 1872.00 , 1831.00 , 1870.00 , 1830.00 , 1789.00 , ...
     1752.00 , 1714.00 , 1679.00 , 1637.00 , 1597.00 , 1558.00 , 1524.00 , 1880.00 , 1868.00 , ...
     1830.00 , 1791.00 , 1753.00 , 1714.00 , 1676.00 , 1634.00 , 1601.00 , 1559.00 , 1349.00 , ...
     2022.00 , 2059.00 , 2099.00 , 2137.00 , 2177.00 , 2218.00 , 2254.00 , 2041.00 , 1953.00 , ...
     2288.00 , 2255.00 , 2218.00 , 2176.00 , 2138.00 , 2100.00 , 2061.00 , 2022.00 , 2388.00 , ...
     2425.00 , 2468.00 , 2501.00 , 2547.00 , 2586.00 , 2624.00 , 2663.00 , 2428.00 , 2505.00 , ...
     2624.00 , 2665.00 , 2623.00 , 2585.00 , 2547.00 , 2506.00 , 2468.00 , 2429.00 , 2391.00 , ...
     2749.00 , 2786.00 , 2825.00 , 2865.00 , 2903.00 , 2943.00 , 2981.00 , 2769.00 , 2729.00 , ...
     2979.00 , 3013.00 , 2982.00 , 2942.00 , 2902.00 , 2865.00 , 2825.00 , 2786.00 , 2748.00 , ...
     2827.00 , 2787.00 , 2710.00 , 3057.00 , 3095.00 , 3136.00 , 3175.00 , 3212.00 , 3251.00 , ...
     3288.00 , 3328.00 , 3368.00 , 3408.00 , 3426.00 , 3444.00 , 3403.00 , 3368.00 , 3326.00 , ...
     3286.00 , 3248.00 , 3210.00 , 3170.00 , 3127.00 , 3095.00 , 3059.00 , 3550.00 , 3695.00 , ...
     3813.00 , 3813.00 , 91.0000 , 129.000 , 165.000 , 209.000 , 244.000 , 282.000 , 323.000 , ...
     243.000 , 66.0000 , 76.0000 , 108.000 , 303.000 , 341.000 , 325.000 , 282.000 , 306.000 , ...
     243.000 , 223.000 , 203.000 , 188.000 , 167.000 , 127.000 , 87.0000 , 72.0000 , 428.000 , ...
     466.000 , 426.000 , 486.000 , 464.000 , 468.000 , 406.000 , 534.000 , 573.000 , 611.000 , ...
     651.000 , 691.000 , 728.000 , 848.000 , 807.000 , 611.000 , 642.000 , 515.000 , 555.000 , ...
     728.000 , 767.000 , 767.000 , 730.000 , 709.000 , 689.000 , 650.000 , 651.000 , 615.000 , ...
     571.000 , 534.000 , 803.000 , 848.000 , 843.000 , 885.000 , 921.000 , 939.000 , 1031.00 , ...
     1063.00 , 1107.00 , 1143.00 , 1183.00 , 1219.00 , 1261.00 , 1300.00 , 1333.00 , 1377.00 , ...
     1378.00 , 1221.00 , 1181.00 , 1142.00 , 1106.00 , 1066.00 , 1375.00 , 1339.00 , 1296.00 , ...
     1260.00 , 1220.00 , 1221.00 , 1182.00 , 1164.00 , 1143.00 , 1104.00 , 1065.00 , 1026.00 , ...
     1463.00 , 1462.00 , 1520.00 , 1558.00 , 1597.00 , 1635.00 , 1677.00 , 1716.00 , 1753.00 , ...
     1793.00 , 1831.00 , 1870.00 , 1868.00 , 1830.00 , 1789.00 , 1753.00 , 1714.00 , 1673.00 , ...
     1635.00 , 1596.00 , 1557.00 , 1521.00 , 1813.00 , 1558.00 , 1521.00 , 1966.00 , 1927.00 , ...
     1922.00 , 1921.00 , 1951.00 , 2080.00 , 2122.00 , 2161.00 , 2200.00 , 2240.00 , 2278.00 , ...
     2316.00 , 2354.00 , 2393.00 , 2434.00 , 2136.00 , 2450.00 , 2430.00 , 2391.00 , 2273.00 , ...
     2314.00 , 2273.00 , 2239.00 , 2254.00 , 2197.00 , 2158.00 , 2602.00 , 2083.00 , 2062.00 , ...
     2043.00 , 2014.00 , 2026.00 , 2024.00 , 2080.00 , 2122.00 , 2165.00 , 2169.00 , 2202.00 , ...
     2230.00 , 2238.00 , 2277.00 , 2297.00 , 2316.00 , 2355.00 , 2396.00 , 2430.00 , 2396.00 , ...
     2537.00 , 2576.00 , 2624.00 , 2641.00 , 2584.00 , 2661.00 , 2701.00 , 2740.00 , 2775.00 , ...
     2819.00 , 2855.00 , 2894.00 , 2933.00 , 2992.00 , 3029.00 , 2990.00 , 2932.00 , 2893.00 , ...
     2853.00 , 2813.00 , 2814.00 , 2778.00 , 2738.00 , 2700.00 , 2661.00 , 2699.00 , 2739.00 , ...
     2991.00 , 2964.00 , 2933.00 , 2896.00 , 2854.00 , 2816.00 , 2776.00 , 2738.00 , 2700.00 , ...
     2660.00 , 2703.00 , 2663.00 , 2620.00 , 2585.00 , 3087.00 , 3104.00 , 3123.00 , 3165.00 , ...
     3201.00 , 3242.00 , 3277.00 , 3318.00 , 3359.00 , 3416.00 , 3356.00 , 3319.00 , 3277.00 , ...
     3242.00 , 3201.00 , 3163.00 , 3122.00 , 3081.00 , 3222.00 , 3184.00 , 3077.00 , 3084.00 , ...
     3125.00 , 3165.00 , 3205.00 , 3239.00 , 3280.00 , 3324.00 , 3355.00 , 3260.00 , 3416.00 , ...
     3604.00 , 3606.00 , 3618.00 , 3643.00 , 3684.00 , 3723.00 , 3764.00 , 3801.00 , 3841.00 , ...
     3884.00 , 3850.00 , 71.0000 , 227.000 , 86.0000 , 131.000 , 170.000 , 209.000 , 248.000 , ...
     285.000 , 328.000 , 187.000 , 325.000 , 53.0000 , 90.0000 , 130.000 , 167.000 , 209.000 , ...
     246.000 , 285.000 , 325.000 , 410.000 , 488.000 , 538.000 , 574.000 , 615.000 , 651.000 , ...
     691.000 , 732.000 , 772.000 , 812.000 , 733.000 , 576.000 , 536.000 , 572.000 , 614.000 , ...
     654.000 , 693.000 , 729.000 , 771.000 , 896.000 , 981.000 , 1031.00 , 1069.00 , 1107.00 , ...
     1142.00 , 1182.00 , 1223.00 , 1259.00 , 1299.00 , 1327.00 , 1365.00 , 1318.00 , 1281.00 , ...
     1243.00 , 1205.00 , 1257.00 , 1223.00 , 1183.00 , 1146.00 , 1111.00 , 1068.00 , 1028.00 , ...
     972.000 , 893.000 , 1087.00 , 1032.00 , 1348.00 , 1409.00 , 1427.00 , 1433.00 , 1387.00 , ...
     1526.00 , 1561.00 , 1599.00 , 1638.00 , 1680.00 , 1719.00 , 1755.00 , 1795.00 , 1833.00 , ...
     1872.00 , 1813.00 , 1853.00 , 1950.00 , 1930.00 , 1521.00 , 1560.00 , 1600.00 , 1643.00 , ...
     1677.00 , 1717.00 , 1754.00 , 1795.00 , 1351.00 , 1871.00 , 2026.00 , 2095.00 , 2141.00 , ...
     2229.00 , 2317.00 , 2024.00 , 2084.00 , 2123.00 , 2162.00 , 2202.00 , 2239.00 , 2275.00 , ...
     2317.00 , 2354.00 , 2393.00 , 2433.00 , 2082.00 , 2120.00 , 2161.00 , 2201.00 , 2239.00 , ...
     2278.00 , 2317.00 , 2355.00 , 2392.00 , 2433.00 , 2469.00 , 2553.00 , 2576.00 , 2622.00 , ...
     2665.00 , 2663.00 , 2707.00 , 2743.00 , 2777.00 , 2818.00 , 2857.00 , 2893.00 , 2934.00 , ...
     2664.00 , 2703.00 , 2738.00 , 2779.00 , 2817.00 , 2858.00 , 2895.00 , 2932.00 , 2992.00 , ...
     3049.00 , 3088.00 , 3125.00 , 3165.00 , 3203.00 , 3244.00 , 3280.00 , 3317.00 , 3357.00 , ...
     3419.00 , 3318.00 , 3389.00 , 3416.00 , 3357.00 , 3318.00 , 3278.00 , 3240.00 , 3201.00 , ...
     3165.00 , 3124.00 , 3086.00 , 3049.00 , 2992.00 , 3606.00 , 3646.00 , 3685.00 , 3724.00 , ...
     3766.00 , 3803.00 , 3841.00 , 3880.00 , 3802.00 , 3841.00 , 3881.00 , 3605.00 , 3647.00 , ...
     3811.00 , 3888.00 , 3540.00 , 3570.00 , 3608.00 , 3649.00 , 3686.00 , 3726.00 , 3760.00 , ...
     3802.00 , 3841.00 , 3880.00 , 3820.00 , 3782.00 , 90.0000 , 245.000 , 365.000 , 91.0000 , ...
     132.000 , 168.000 , 211.000 , 249.000 , 286.000 , 327.000 , 73.0000 , 128.000 , 182.000 , ...
     214.000 , 360.000 , 449.000 , 453.000 , 438.000 , 516.000 , 540.000 , 576.000 , 615.000 , ...
     652.000 , 697.000 , 694.000 , 734.000 , 731.000 , 770.000 , 770.000 , 829.000 , 826.000 , ...
     904.000 , 981.000 , 1020.00 , 1055.00 , 1099.00 , 1137.00 , 1174.00 , 1215.00 , 1251.00 , ...
     1292.00 , 1329.00 , 1369.00 , 1402.00 , 1214.00 , 979.000 , 1018.00 , 1059.00 , 1098.00 , ...
     1138.00 , 1175.00 , 1213.00 , 1250.00 , 1293.00 , 1291.00 , 1330.00 , 1371.00 , 1409.00 , ...
     1389.00 , 1563.00 , 1642.00 , 1636.00 , 1787.00 , 1523.00 , 1562.00 , 1600.00 , 1641.00 , ...
     1678.00 , 1717.00 , 1756.00 , 1794.00 , 1834.00 , 1952.00 , 2024.00 , 2236.00 , 2277.00 , ...
     2314.00 , 2382.00 , 2430.00 , 2451.00 , 2023.00 , 2083.00 , 2123.00 , 2160.00 , 2201.00 , ...
     2236.00 , 2277.00 , 2317.00 , 2356.00 , 2394.00 , 2431.00 , 2528.00 , 2526.00 , 2645.00 , ...
     2990.00 , 3298.00 , 3339.00 , 32.0000 , 91.0000 , 127.000 , 233.000 , 170.000 , 209.000 , ...
     251.000 , 288.000 , 325.000 , 213.000 , 249.000 , 91.0000 , 129.000 , 167.000 , 208.000 , ...
     249.000 , 285.000 , 322.000 , 449.000 , 450.000 , 537.000 , 575.000 , 614.000 , 658.000 , ...
     655.000 , 692.000 , 730.000 , 766.000 , 534.000 , 575.000 , 614.000 , 653.000 , 692.000 , ...
     730.000 , 770.000 , 856.000 , 2005.00 , 2045.00 , 2085.00 , 2120.00 , 2160.00 , 2200.00 , ...
     2238.00 , 2274.00 , 2316.00 , 2317.00 , 2355.00 , 2374.00 , 2368.00 , 2431.00 , 2471.00 , ...
     1947.00 , 1986.00 , 2082.00 , 2429.00 , 2003.00 , 2044.00 , 2083.00 , 2121.00 , 2161.00 , ...
     2200.00 , 2237.00 , 2274.00 , 2317.00 , 2356.00 , 2391.00 , 2430.00 , 2529.00 , 2568.00 , ...
     2515.00 , 2530.00 , 2665.00 , 2703.00 , 2742.00 , 2778.00 , 2816.00 , 2857.00 , 2892.00 , ...
     2934.00 , 2719.00 , 2779.00 , 2859.00 , 2913.00 , 2963.00 , 2664.00 , 2702.00 , 2742.00 , ...
     2778.00 , 2816.00 , 2856.00 , 2894.00 , 2937.00 , 3088.00 , 3129.00 , 3163.00 , 3203.00 , ...
     3243.00 , 3277.00 , 3320.00 , 3358.00 , 3020.00 , 3184.00 , 3041.00 , 3069.00 , 3109.00 , ...
     3143.00 , 3183.00 , 3223.00 , 3260.00 , 3280.00 , 3302.00 , 3339.00 , 3379.00 , 3418.00 , ...
     3571.00 , 3609.00 , 3647.00 , 3686.00 , 3726.00 , 3764.00 , 3802.00 , 3840.00 , 3881.00 , ...
     3568.00 , 3605.00 , 3649.00 , 3685.00 , 3723.00 , 3765.00 , 3798.00 , 3847.00 , 3877.00 , ...
     3918.00 , 88.0000 , 127.000 , 167.000 , 204.000 , 242.000 , 282.000 , 321.000 , 302.000 , ...
     262.000 , 223.000 , 68.0000 , 86.0000 , 126.000 , 167.000 , 204.000 , 245.000 , 283.000 , ...
     323.000 , 366.000 , 331.000 , 458.000 , 574.000 , 610.000 , 455.000 , 492.000 , 534.000 , ...
     572.000 , 612.000 , 652.000 , 687.000 , 731.000 , 765.000 , 805.000 , 844.000 , 880.000 , ...
     891.000 , 809.000 , 767.000 , 727.000 , 765.000 , 708.000 , 689.000 , 647.000 , 610.000 , ...
     573.000 , 534.000 , 455.000 , 1054.00 , 1073.00 , 1056.00 , 1093.00 , 1132.00 , 1172.00 , ...
     1210.00 , 1252.00 , 1289.00 , 1324.00 , 1366.00 , 1406.00 , 1206.00 , 1291.00 , 1055.00 , ...
     1092.00 , 1131.00 , 1171.00 , 1209.00 , 1251.00 , 1290.00 , 1322.00 , 1370.00 , 1405.00 , ...
     1232.00 , 1190.00 , 1171.00 , 1089.00 , 1056.00 , 1995.00 , 2080.00 , 2121.00 , 2157.00 , ...
     2198.00 , 2235.00 , 2274.00 , 2314.00 , 2351.00 , 2393.00 , 2429.00 , 2196.00 , 2215.00 , ...
     2078.00 , 2079.00 , 2118.00 , 2074.00 , 2199.00 , 2237.00 , 2272.00 , 2316.00 , 2355.00 , ...
     2391.00 , 2427.00 , 2491.00 , 2546.00 , 2613.00 , 2552.00 , 2553.00 , 2544.00 , 2494.00 , ...
     2659.00 , 2703.00 , 2735.00 , 2776.00 , 2775.00 , 2813.00 , 2855.00 , 2890.00 , 2893.00 , ...
     2932.00 , 2775.00 , 2699.00 , 2668.00 , 2660.00 , 2701.00 , 2738.00 , 2777.00 , 2815.00 , ...
     2852.00 , 2894.00 , 2933.00 , 3010.00 , 3046.00 , 3124.00 , 3085.00 , 3124.00 , 3162.00 , ...
     3201.00 , 3244.00 , 3279.00 , 3316.00 , 3357.00 , 3065.00 , 3107.00 , 3102.00 , 3146.00 , ...
     3182.00 , 3205.00 , 3223.00 , 3258.00 , 3300.00 , 3341.00 , 3373.00 , 3417.00 , 3420.00 , ...
     3435.00 , 3473.00 , 3463.00 , 3493.00 , 3528.00 , 3570.00 , 3596.00 , 3643.00 , 3685.00 , ...
     3722.00 , 3763.00 , 3800.00 , 3841.00 , 3878.00 , 3703.00 , 3742.00 , 3572.00 , 3604.00 , ...
     3648.00 , 3686.00 , 3722.00 , 3764.00 , 3801.00 , 3842.00 , 3878.00 , 3861.00 , 3901.00 , ...
     3889.00 , 3648.00 , 3607.00 , 3568.00 , 114.000 , 83.0000 , 91.0000 , 86.0000 , 128.000 , ...
     163.000 , 206.000 , 225.000 , 245.000 , 243.000 , 283.000 , 324.000 , 324.000 , 48.0000 , ...
     83.0000 , 126.000 , 166.000 , 204.000 , 244.000 , 284.000 , 321.000 , 68.0000 , 128.000 , ...
     167.000 , 211.000 , 265.000 , 333.000 , 327.000 , 533.000 , 571.000 , 610.000 , 648.000 , ...
     689.000 , 727.000 , 765.000 , 804.000 , 864.000 , 611.000 , 574.000 , 531.000 , 453.000 , ...
     493.000 , 533.000 , 573.000 , 612.000 , 650.000 , 689.000 , 733.000 , 768.000 , 803.000 , ...
     844.000 , 885.000 , 806.000 , 990.000 , 1062.00 , 1135.00 , 1174.00 , 1210.00 , 1250.00 , ...
     1288.00 , 1329.00 , 1364.00 , 1408.00 , 1406.00 , 1444.00 , 1193.00 , 1152.00 , 1319.00 , ...
     1068.00 , 1130.00 , 1172.00 , 976.000 , 1192.00 , 1214.00 , 1231.00 , 1251.00 , 1288.00 , ...
     1326.00 , 1368.00 , 1406.00 , 88.0000 , 125.000 , 170.000 , 206.000 , 246.000 , 280.000 , ...
     322.000 , 334.000 , 127.000 , 95.0000 , 86.0000 , 128.000 , 162.000 , 204.000 , 247.000 , ...
     280.000 , 322.000 , 387.000 , 339.000 , 395.000 , 456.000 , 425.000 , 465.000 , 507.000 , ...
     534.000 , 572.000 , 608.000 , 650.000 , 689.000 , 730.000 , 763.000 , 805.000 , 847.000 , ...
     887.000 , 805.000 , 764.000 , 727.000 , 613.000 , 533.000 , 633.000 , 529.000 , 573.000 , ...
     610.000 , 650.000 , 690.000 , 729.000 , 768.000 , 804.000 , 592.000 , 648.000 , 861.000 , ...
     863.000 , 900.000 , 928.000 , 942.000 , 998.000 , 1009.00 , 996.000 , 1000.00 , 942.000 , ...
     1066.00 , 1104.00 , 1145.00 , 1181.00 , 1222.00 , 1261.00 , 1298.00 , 1339.00 , 1393.00 , ...
     1431.00 , 1452.00 , 1424.00 , 1400.00 , 1363.00 , 1384.00 , 1355.00 , 1325.00 , 1284.00 , ...
     1249.00 , 1210.00 , 1172.00 , 1136.00 , 1092.00 , 1056.00 , 1154.00 , 1171.00 , 1055.00 , ...
     1093.00 , 1135.00 , 1134.00 , 1179.00 , 1212.00 , 1251.00 , 1270.00 , 1292.00 , 1330.00 , ...
     1368.00 , 1408.00 , 30.0000 , 107.000 , 85.0000 , 130.000 , 166.000 , 206.000 , 245.000 , ...
     282.000 , 322.000 , 361.000 , 166.000 , 88.0000 , 85.0000 , 127.000 , 163.000 , 205.000 , ...
     246.000 , 264.000 , 286.000 , 321.000 , 370.000 , 165.000 , 440.000 , 459.000 , 79.0000 , ...
     90.0000 , 128.000 , 164.000 , 208.000 , 248.000 , 285.000 , 323.000 , 361.000 , 360.000 , ...
     164.000 , 84.0000 , 437.000 , 359.000 , 321.000 , 323.000 , 287.000 , 244.000 , 117.000 , ...
     166.000 , 130.000 , 86.0000 , 594.000 , 653.000 , 631.000 , 706.000 , 799.000 , 826.000 , ...
     864.000 , 848.000 , 883.000 , 919.000 , 883.000 , 846.000 , 804.000 , 765.000 , 726.000 , ...
     689.000 , 690.000 , 651.000 , 612.000 , 570.000 , 535.000 , 514.000 , 325.000 , 474.000 , ...
     503.000 , 575.000 , 571.000 , 648.000 , 688.000 , 728.000 , 766.000 , 805.000 , 842.000 , ...
     883.000 , 890.000 , 843.000 , 804.000 , 863.000 , 628.000 , 1027.00 , 971.000 , 961.000 , ...
     958.000 , 953.000 , 1009.00 , 1065.00 , 1085.00 , 1104.00 , 1144.00 , 1181.00 , 1222.00 , ...
     1261.00 , 1298.00 , 1356.00 , 1399.00 , 1336.00 , 1296.00 , 1263.00 , 1215.00 , 1178.00 , ...
     1143.00 , 1102.00 , 1065.00 , 1088.00 , 1216.00 , 1258.00 , 1307.00 , 1358.00 , 1301.00 , ...
     1261.00 , 1223.00 , 1181.00 , 1146.00 , 1102.00 , 1067.00 , 1105.00 , 1145.00 , 1179.00 , ...
     1222.00 , 1256.00 , 1298.00 , 1337.00 , 1375.00 , 1415.00 , 1394.00 , 1455.00 , 1505.00 , ...
     1494.00 , 1484.00 , 1484.00 , 1473.00 , 1492.00 , 1481.00 , 1482.00 , 1481.00 , 1524.00 , ...
     1525.00 , 1524.00 , 1525.00 , 1522.00 , 1524.00 , 1524.00 , 1521.00 , 1524.00 , 1523.00 , ...
     1524.00 , 1523.00 , 1524.00 , 1523.00 , 1523.00 , 1522.00 , 1523.00 , 1524.00 , 1522.00 , ...
     1522.00 , 1521.00 , 1522.00 , 1521.00 , 1522.00 , 1522.00 , 1523.00 , 1520.00 , 1520.00 , ...
     1521.00 , 1522.00 , 1521.00 , 1521.00 , 1647.00 , 1687.00 , 1773.00 , 1598.00 , 1744.00 , ...
     1696.00 , 1559.00 , 1658.00 , 1820.00 , 1548.00 , 1551.00 , 1596.00 , 1763.00 , 1832.00 , ...
     1562.00 , 1561.00 , 1610.00 , 1715.00 , 1627.00 , 1693.00 , 1776.00 , 1594.00 , 1626.00 , ...
     1754.00 , 1783.00 , 1560.00 , 1813.00 , 1814.00 , 1693.00 , 1706.00 , 1636.00 , 1618.00 , ...
     1667.00 , 1743.00 , 1842.00 , 1765.00 , 1642.00 , 1630.00 , 1611.00 , 1570.00 , 1842.00 , ...
     1751.00 , 1821.00 , 1762.00 , 1716.00 , 1596.00 , 1607.00 , 1646.00 , 1685.00 , 1784.00 , ...
     1869.00 , 1869.00 , 1870.00 , 1871.00 , 1871.00 , 1871.00 , 1870.00 , 1871.00 , 1873.00 , ...
     1871.00 , 1872.00 , 1872.00 , 1872.00 , 1873.00 , 1872.00 , 1870.00 , 1869.00 , 1872.00 , ...
     1871.00 , 1869.00 , 1871.00 , 1870.00 , 1870.00 , 1870.00 , 1870.00 , 1872.00 , 1867.00 , ...
     1872.00 , 1868.00 , 1869.00 , 1871.00 , 1872.00 , 1902.00 , 1899.00 , 1928.00 , 1899.00 , ...
     1936.00 , 1909.00 , 1910.00 , 1909.00 , 1898.00 , 1909.00 , 1927.00 , 1907.00 , 1906.00 , ...
     1899.00 , 1908.00 , 1908.00 , 1984.00 , 2007.00 , 2044.00 , 2082.00 , 2122.00 , 2160.00 , ...
     2198.00 , 2238.00 , 2277.00 , 2314.00 , 2369.00 , 2391.00 , 2427.00 , 2493.00 , 2004.00 , ...
     2102.00 , 2239.00 , 2370.00 , 2311.00 , 2340.00 , 2410.00 , 2156.00 , 2334.00 , 2490.00 , ...
     2550.00 , 2547.00 , 2602.00 , 2527.00 , 2560.00 , 2635.00 , 2662.00 , 2701.00 , 2722.00 , ...
     2740.00 , 2782.00 , 2817.00 , 2857.00 , 2886.00 , 2894.00 , 2935.00 , 2933.00 , 2893.00 , ...
     2852.00 , 2814.00 , 2780.00 , 2737.00 , 2701.00 , 2664.00 , 2963.00 , 2961.00 , 2982.00 , ...
     3025.00 , 3049.00 , 3087.00 , 3128.00 , 3166.00 , 3201.00 , 3240.00 , 3287.00 , 3317.00 , ...
     3358.00 , 3417.00 , 3421.00 , 3357.00 , 3318.00 , 3278.00 , 3280.00 , 3239.00 , 3199.00 , ...
     3164.00 , 3126.00 , 3085.00 , 3184.00 , 3144.00 , 3201.00 , 3260.00 , 3504.00 , 3532.00 , ...
     3764.00 , 3862.00 , 3890.00 , 3528.00 , 3569.00 , 3612.00 , 3646.00 , 3683.00 , 3723.00 , ...
     3765.00 , 3801.00 , 3840.00 , 3882.00 , 3871.00 , 3792.00 , 3586.00 , 3528.00 , 3567.00 , ...
     3606.00 , 3648.00 , 3683.00 , 3722.00 , 3764.00 , 3808.00 , 3841.00 , 3879.00 , 2182.00 , ...
     2241.00 , 2276.00 , 2006.00 , 2043.00 , 2079.00 , 2119.00 , 2162.00 , 2200.00 , 2238.00 , ...
     2278.00 , 2317.00 , 2357.00 , 2392.00 , 2432.00 , 2489.00 , 2003.00 , 2042.00 , 2081.00 , ...
     2118.00 , 2162.00 , 2200.00 , 2240.00 , 2278.00 , 2315.00 , 2351.00 , 2393.00 , 2431.00 , ...
     2472.00 , 2509.00 , 2470.00 , 2576.00 , 2573.00 , 2740.00 , 2661.00 , 2700.00 , 2738.00 , ...
     2776.00 , 2815.00 , 2854.00 , 2892.00 , 2929.00 , 2815.00 , 2912.00 , 2758.00 , 2657.00 , ...
     2701.00 , 2739.00 , 2776.00 , 2816.00 , 2850.00 , 2894.00 , 2933.00 , 3028.00 , 3088.00 , ...
     3126.00 , 3166.00 , 3201.00 , 3242.00 , 3282.00 , 3320.00 , 3356.00 , 3068.00 , 3105.00 , ...
     3206.00 , 3088.00 , 3131.00 , 3162.00 , 3203.00 , 3241.00 , 3280.00 , 3320.00 , 3357.00 , ...
     3625.00 , 3667.00 , 3743.00 , 3783.00 , 3530.00 , 3569.00 , 3611.00 , 3645.00 , 3686.00 , ...
     3729.00 , 3765.00 , 3801.00 , 3843.00 , 3880.00 , 3501.00 , 3794.00 , 3870.00 , 3529.00 , ...
     3568.00 , 3607.00 , 3647.00 , 3682.00 , 3730.00 , 3763.00 , 3801.00 , 3842.00 , 3880.00 , ...
     1976.00 , 2023.00 , 2026.00 , 2061.00 , 2100.00 , 2198.00 , 2279.00 , 2507.00 , 2624.00 , ...
     2681.00 , 2719.00 , 3009.00 , 3059.00 , 3018.00 , 3426.00 , 3425.00 , 2006.00 , 2048.00 , ...
     2081.00 , 2122.00 , 2159.00 , 2200.00 , 2241.00 , 2276.00 , 2317.00 , 2354.00 , 2391.00 , ...
     2429.00 , 2469.00 , 2508.00 , 2003.00 , 2045.00 , 2083.00 , 2120.00 , 2159.00 , 2201.00 , ...
     2241.00 , 2276.00 , 2315.00 , 2353.00 , 2392.00 , 2430.00 , 2468.00 , 2509.00 , 2588.00 , ...
     2662.00 , 2633.00 , 2659.00 , 2700.00 , 2740.00 , 2777.00 , 2815.00 , 2856.00 , 2894.00 , ...
     2932.00 , 2929.00 , 2891.00 , 2854.00 , 2813.00 , 2775.00 , 2736.00 , 2699.00 , 2665.00 , ...
     2987.00 , 3019.00 , 3021.00 , 3088.00 , 3127.00 , 3160.00 , 3203.00 , 3242.00 , 3275.00 , ...
     3321.00 , 3359.00 , 3087.00 , 3125.00 , 3162.00 , 3202.00 , 3242.00 , 3283.00 , 3319.00 , ...
     3441.00 , 3440.00 , 3530.00 , 3570.00 , 3609.00 , 3647.00 , 3683.00 , 3725.00 , 3761.00 , ...
     3803.00 , 3843.00 , 3883.00 , 3703.00 , 3742.00 , 3793.00 , 3834.00 , 3859.00 , 3522.00 , ...
     3607.00 , 3647.00 , 3683.00 , 3727.00 , 3757.00 , 3800.00 , 3841.00 , 3878.00 , 3821.00 , ...
     3858.00 , 1955.00 , 1976.00 , 2041.00 , 2081.00 , 2117.00 , 2142.00 , 2159.00 , 2180.00 , ...
     2487.00 , 2503.00 , 2583.00 , 2718.00 , 2779.00 , 2967.00 , 3000.00 , 3237.00 , 3279.00 , ...
     3319.00 , 3424.00 , 3444.00 , 3527.00 , 3572.00 , 3550.00 , 3708.00 , 1966.00 , 2011.00 , ...
     2040.00 , 2082.00 , 2123.00 , 2160.00 , 2198.00 , 2239.00 , 2274.00 , 2314.00 , 2356.00 , ...
     2390.00 , 2430.00 , 2469.00 , 2509.00 , 2004.00 , 2042.00 , 2081.00 , 2122.00 , 2161.00 , ...
     2196.00 , 2239.00 , 2278.00 , 2317.00 , 2354.00 , 2393.00 , 2432.00 , 2516.00 , 2551.00 , ...
     2663.00 , 2701.00 , 2741.00 , 2780.00 , 2814.00 , 2851.00 , 2896.00 , 2932.00 , 2834.00 , ...
     2771.00 , 2693.00 , 2630.00 , 2881.00 , 2595.00 , 2631.00 , 2673.00 , 2708.00 , 2748.00 , ...
     2787.00 , 2822.00 , 2863.00 , 2902.00 , 2944.00 , 2592.00 , 2629.00 , 2671.00 , 2707.00 , ...
     2748.00 , 2787.00 , 2825.00 , 2863.00 , 2900.00 , 2943.00 , 3020.00 , 2998.00 , 3010.00 , ...
     3087.00 , 3125.00 , 3164.00 , 3202.00 , 3237.00 , 3277.00 , 3320.00 , 3459.00 , 3587.00 , ...
     3607.00 , 3644.00 , 3687.00 , 3723.00 , 3767.00 , 3804.00 , 3844.00 , 3880.00 , 3086.00 , ...
     3122.00 , 3169.00 , 3199.00 , 3241.00 , 3279.00 , 3320.00 , 3359.00 , 3396.00 , 3436.00 , ...
     3472.00 , 3531.00 , 3571.00 , 3609.00 , 3648.00 , 3684.00 , 3726.00 , 3764.00 , 3802.00 , ...
     3844.00 , 3877.00 , 3144.00 , 3223.00 , 3271.00 , 3341.00 , 3439.00 , 3533.00 , 3940.00 , ...
     49.0000 , 284.000 , 122.000 , 162.000 , 202.000 , 242.000 , 282.000 , 320.000 , 361.000 , ...
     185.000 , 122.000 , 166.000 , 204.000 , 245.000 , 283.000 , 323.000 , 361.000 , 390.000 , ...
     410.000 , 47.0000 , 124.000 , 165.000 , 204.000 , 243.000 , 282.000 , 323.000 , 359.000 , ...
     48.0000 , 127.000 , 163.000 , 203.000 , 244.000 , 285.000 , 325.000 , 362.000 , 382.000 , ...
     282.000 , 110.000 , 50.0000 , 41.0000 , 128.000 , 164.000 , 203.000 , 246.000 , 285.000 , ...
     322.000 , 361.000 , 358.000 , 322.000 , 287.000 , 244.000 , 207.000 , 166.000 , 129.000 , ...
     168.000 , 51.0000 , 48.0000 , 126.000 , 167.000 , 118.000 , 248.000 , 360.000 , 364.000 , ...
     368.000 , 372.000 , 323.000 , 362.000 , 360.000 , 324.000 , 473.000 , 610.000 , 504.000 , ...
     475.000 , 532.000 , 603.000 , 524.000 , 479.000 , 604.000 , 524.000 , 465.000 , 522.000 , ...
     571.000 , 436.000 , 452.000 , 484.000 , 573.000 , 526.000 , 574.000 , 493.000 , 453.000 , ...
     554.000 , 512.000 , 602.000 , 632.000 , 666.000 , 691.000 , 650.000 , 689.000 , 729.000 , ...
     766.000 , 805.000 , 841.000 , 884.000 , 1299.00 , 884.000 , 843.000 , 804.000 , 768.000 , ...
     728.000 , 685.000 , 648.000 , 725.000 , 781.000 , 823.000 , 883.000 , 839.000 , 801.000 , ...
     767.000 , 724.000 , 685.000 , 649.000 , 650.000 , 685.000 , 724.000 , 745.000 , 764.000 , ...
     802.000 , 843.000 , 885.000 , 670.000 , 646.000 , 688.000 , 728.000 , 767.000 , 805.000 , ...
     842.000 , 882.000 , 1038.00 , 951.000 , 1046.00 , 979.000 , 1050.00 , 976.000 , 941.000 , ...
     918.000 , 991.000 , 951.000 , 987.000 , 1026.00 , 979.000 , 1015.00 , 972.000 , 1017.00 , ...
     968.000 , 801.000 , 32.0000 , 1103.00 , 1143.00 , 1183.00 , 1223.00 , 1256.00 , 1296.00 , ...
     1337.00 , 1377.00 , 1415.00 , 1454.00 , 1084.00 , 1121.00 , 1162.00 , 1199.00 , 1241.00 , ...
     1277.00 , 1316.00 , 1355.00 , 1394.00 , 1431.00 , 1473.00 , 1506.00 , 1549.00 , 1587.00 , ...
     1625.00 , 1665.00 , 1706.00 , 1743.00 , 1781.00 , 1830.00 , 1912.00 , 1087.00 , 1123.00 , ...
     1160.00 , 1202.00 , 1238.00 , 1281.00 , 1320.00 , 1357.00 , 1396.00 , 1435.00 , 1473.00 , ...
     1502.00 , 1552.00 , 1587.00 , 1627.00 , 1665.00 , 1703.00 , 1744.00 , 1781.00 , 1822.00 , ...
     1862.00 , 1900.00 , 1086.00 , 1192.00 , 1230.00 , 1268.00 , 1551.00 , 1841.00 , 1899.00 , ...
     1122.00 , 1162.00 , 1200.00 , 1239.00 , 1277.00 , 1317.00 , 1353.00 , 1394.00 , 1430.00 , ...
     1471.00 , 1550.00 , 1590.00 , 1625.00 , 1664.00 , 1704.00 , 1743.00 , 1784.00 , 1821.00 , ...
     1859.00 , 1899.00 , 1061.00 , 1122.00 , 1161.00 , 1198.00 , 1240.00 , 1274.00 , 1318.00 , ...
     1355.00 , 1395.00 , 1435.00 , 1473.00 , 1550.00 , 1584.00 , 1626.00 , 1667.00 , 1704.00 , ...
     1743.00 , 1783.00 , 1822.00 , 1860.00 , 1900.00 , 1181.00 , 1373.00 , 1433.00 , 1471.00 , ...
     1514.00 , 1541.00 , 1838.00 , 1063.00 , 1100.00 , 1131.00 , 1084.00 , 1202.00 , 1239.00 , ...
     1260.00 , 1281.00 , 1315.00 , 1360.00 , 1391.00 , 1434.00 , 1471.00 , 1550.00 , 1587.00 , ...
     1626.00 , 1665.00 , 1711.00 , 1743.00 , 1781.00 , 1820.00 , 1858.00 , 1901.00 , 1055.00 , ...
     1094.00 , 1132.00 , 1172.00 , 1213.00 , 1250.00 , 1290.00 , 1327.00 , 1367.00 , 1405.00 , ...
     1443.00 , 1485.00 , 1522.00 , 1560.00 , 1599.00 , 1638.00 , 1678.00 , 1713.00 , 1753.00 , ...
     1058.00 , 1097.00 , 1131.00 , 1169.00 , 1211.00 , 1248.00 , 1292.00 , 1240.00 , 1369.00 , ...
     1408.00 , 1445.00 , 1483.00 , 1520.00 , 1558.00 , 1606.00 , 1639.00 , 1676.00 , 1629.00 , ...
     1758.00 , 1057.00 , 1094.00 , 1135.00 , 1175.00 , 1213.00 , 1251.00 , 1288.00 , 1328.00 , ...
     1366.00 , 1404.00 , 1444.00 , 1483.00 , 1522.00 , 1558.00 , 1600.00 , 1637.00 , 1673.00 , ...
     1712.00 , 1754.00 , 1795.00 , 1055.00 , 1095.00 , 1134.00 , 1173.00 , 1210.00 , 1249.00 , ...
     1289.00 , 1328.00 , 1368.00 , 1406.00 , 1441.00 , 1482.00 , 1521.00 , 1561.00 , 1594.00 , ...
     1637.00 , 1678.00 , 1714.00 , 1753.00 , 1793.00 , 1882.00 , 1327.00 , 1712.00 , 2002.00 , ...
     2040.00 , 2099.00 , 2140.00 , 2179.00 , 2098.00 , 2062.00 , 2020.00 , 2137.00 , 2198.00 , ...
     2277.00 , 2313.00 , 2292.00 , 2373.00 , 2437.00 , 2438.00 , 2458.00 , 2516.00 , 2552.00 , ...
     2592.00 , 2630.00 , 2671.00 , 2707.00 , 2748.00 , 2784.00 , 2824.00 , 2863.00 , 2903.00 , ...
     2939.00 , 2941.00 , 2899.00 , 2862.00 , 2823.00 , 2787.00 , 2745.00 , 2709.00 , 2669.00 , ...
     2631.00 , 2593.00 , 3011.00 , 1933.00 , 1964.00 , 2001.00 , 2039.00 , 2079.00 , 2118.00 , ...
     2160.00 , 2197.00 , 2238.00 , 2275.00 , 2313.00 , 2351.00 , 2392.00 , 2427.00 , 2080.00 , ...
     2118.00 , 2156.00 , 2199.00 , 2233.00 , 2274.00 , 2315.00 , 2352.00 , 2394.00 , 2428.00 , ...
     1972.00 , 1999.00 , 2042.00 , 2078.00 , 2115.00 , 2161.00 , 2195.00 , 2236.00 , 2278.00 , ...
     2312.00 , 2355.00 , 2392.00 , 2427.00 , 2503.00 , 2524.00 , 2554.00 , 2582.00 , 2622.00 , ...
     2750.00 , 2952.00 , 2526.00 , 2527.00 , 2563.00 , 2604.00 , 2600.00 , 2640.00 , 2640.00 , ...
     2680.00 , 2679.00 , 2717.00 , 2717.00 , 2757.00 , 2755.00 , 2798.00 , 2794.00 , 2833.00 , ...
     2832.00 , 2870.00 , 2869.00 , 2910.00 , 2910.00 , 2949.00 , 2949.00 , 3089.00 , 3125.00 , ...
     3164.00 , 3201.00 , 3240.00 , 3279.00 , 3317.00 , 3356.00 , 3393.00 , 3437.00 , 3277.00 , ...
     3085.00 , 3122.00 , 3163.00 , 3200.00 , 3235.00 , 3278.00 , 3316.00 , 3355.00 , 3395.00 , ...
     3434.00 , 3532.00 , 3568.00 , 3604.00 , 3645.00 , 3685.00 , 3724.00 , 3766.00 , 3800.00 , ...
     3839.00 , 3879.00 , 3760.00 , 3800.00 , 3840.00 , 3879.00 , 3489.00 , 3519.00 , 3565.00 , ...
     3606.00 , 3644.00 , 3685.00 , 3721.00 , 3761.00 , 3801.00 , 3840.00 , 3877.00 , 3036.00 , ...
     3037.00 , 3260.00 , 3339.00 , 3418.00 , 3512.00 , 3548.00 , 3609.00 , 3646.00 , 3687.00 , ...
     3743.00 , 3906.00 , 3919.00 , 3087.00 , 3124.00 , 3162.00 , 3201.00 , 3238.00 , 3275.00 , ...
     3317.00 , 3358.00 , 3397.00 , 3432.00 , 3477.00 , 3511.00 , 3547.00 , 3604.00 , 3643.00 , ...
     3687.00 , 3724.00 , 3762.00 , 3798.00 , 3839.00 , 3876.00 , 3413.00 , 3501.00 , 3558.00 , ...
     3629.00 , 3743.00 , 3124.00 , 3161.00 , 3197.00 , 3238.00 , 3279.00 , 3318.00 , 3356.00 , ...
     3220.00 , 3288.00 , 3338.00 , 3377.00 , 3453.00 , 3529.00 , 3470.00 , 3514.00 , 3587.00 , ...
     3624.00 , 3665.00 , 3706.00 , 3742.00 , 3784.00 , 3820.00 , 3858.00 , 3916.00 , 3824.00 , ...
     3917.00 , 2021.00 , 2140.00 , 2410.00 , 2490.00 , 2079.00 , 2120.00 , 2159.00 , 2197.00 , ...
     2237.00 , 2274.00 , 2316.00 , 2353.00 , 2392.00 , 2428.00 , 2602.00 , 2643.00 , 2699.00 , ...
     2721.00 , 2759.00 , 2799.00 , 2836.00 , 2877.00 , 2913.00 , 2953.00 , 2003.00 , 2042.00 , ...
     2081.00 , 2120.00 , 2159.00 , 2197.00 , 2233.00 , 2274.00 , 2315.00 , 2351.00 , 2392.00 , ...
     2430.00 , 2487.00 , 2523.00 , 2567.00 , 2602.00 , 2643.00 , 2683.00 , 2721.00 , 2759.00 , ...
     2799.00 , 2837.00 , 2869.00 , 2911.00 , 2954.00 , 2080.00 , 2140.00 , 2180.00 , 2219.00 , ...
     2258.00 , 2296.00 , 2158.00 , 2373.00 , 2416.00 , 2448.00 , 2489.00 , 2528.00 , 2564.00 , ...
     2607.00 , 2642.00 , 2683.00 , 2720.00 , 2760.00 , 2796.00 , 2834.00 , 2874.00 , 2914.00 , ...
     1990.00 , 2137.00 , 2177.00 , 2218.00 , 2258.00 , 2298.00 , 2343.00 , 2373.00 , 2420.00 , ...
     2449.00 , 2489.00 , 2524.00 , 2565.00 , 2604.00 , 2643.00 , 2679.00 , 2718.00 , 2757.00 , ...
     2806.00 , 2835.00 , 2872.00 , 2911.00 , 2137.00 , 2176.00 , 2216.00 , 2257.00 , 2294.00 , ...
     2334.00 , 2370.00 , 2408.00 , 2449.00 , 2489.00 , 2525.00 , 2564.00 , 2603.00 , 2643.00 , ...
     2681.00 , 2717.00 , 2757.00 , 2796.00 , 2834.00 , 2874.00 , 1994.00 , 2137.00 , 2178.00 , ...
     2217.00 , 2256.00 , 2292.00 , 2333.00 , 2378.00 , 2411.00 , 2448.00 , 2484.00 , 2524.00 , ...
     2563.00 , 2601.00 , 2640.00 , 2682.00 , 2718.00 , 2754.00 , 2801.00 , 2834.00 , 2872.00 , ...
     2334.00 , 3143.00 , 3184.00 , 3123.00 , 3162.00 , 3203.00 , 3241.00 , 3278.00 , 3314.00 , ...
     3355.00 , 3397.00 , 3468.00 , 3510.00 , 3551.00 , 3591.00 , 3627.00 , 3665.00 , 3707.00 , ...
     3744.00 , 3791.00 , 3822.00 , 3861.00 , 3547.00 , 3585.00 , 3600.00 , 3610.00 , 3624.00 , ...
     3663.00 , 3699.00 , 3739.00 , 3779.00 , 3819.00 , 3858.00 , 3898.00 , 3102.00 , 3159.00 , ...
     3256.00 , 3295.00 , 3375.00 , 3215.00 , 3374.00 , 3462.00 , 3460.00 , 3546.00 , 3547.00 , ...
     3624.00 , 3622.00 , 3702.00 , 3701.00 , 3778.00 , 3780.00 , 3858.00 , 3856.00 , 3873.00 , ...
     2052.00 , 2962.00 , 3134.00 , 3905.00 , 3941.00];
pcb3038_opt_tour_length = 137694; % Known optimum tour length
