
% --------------------------------------------- pcb442 ---------------------------------------------

% Name: pcb442 ==> Drilling problem (Groetschel/Juenger/Reinelt)
pcb442(1,:) = ... % X-Coordinates
    [200.000, 200.000, 200.000, 200.000, 200.000, 200.000, 200.000, 200.000, 200.000, 200.000, ...
     200.000, 200.000, 200.000, 200.000, 200.000, 200.000, 200.000, 200.000, 200.000, 200.000, ...
     200.000, 200.000, 200.000, 200.000, 200.000, 200.000, 200.000, 200.000, 200.000, 200.000, ...
     200.000, 200.000, 200.000, 300.000, 300.000, 300.000, 300.000, 300.000, 300.000, 300.000, ...
     300.000, 300.000, 300.000, 300.000, 300.000, 300.000, 300.000, 300.000, 300.000, 300.000, ...
     300.000, 300.000, 300.000, 300.000, 300.000, 300.000, 300.000, 300.000, 300.000, 300.000, ...
     300.000, 300.000, 300.000, 300.000, 300.000, 400.000, 400.000, 400.000, 400.000, 400.000, ...
     400.000, 400.000, 400.000, 400.000, 400.000, 400.000, 400.000, 400.000, 400.000, 400.000, ...
     400.000, 400.000, 400.000, 400.000, 400.000, 400.000, 400.000, 400.000, 400.000, 400.000, ...
     400.000, 400.000, 400.000, 400.000, 400.000, 400.000, 400.000, 400.000, 500.000, 500.000, ...
     500.000, 600.000, 700.000, 700.000, 700.000, 700.000, 700.000, 700.000, 700.000, 700.000, ...
     700.000, 700.000, 700.000, 800.000, 800.000, 800.000, 800.000, 800.000, 800.000, 800.000, ...
     800.000, 800.000, 800.000, 800.000, 800.000, 900.000, 900.000, 900.000, 900.000, 900.000, ...
     900.000, 900.000, 900.000, 900.000, 900.000, 1000.00, 1000.00, 1000.00, 1000.00, 1000.00, ...
     1000.00, 1000.00, 1000.00, 1000.00, 1000.00, 1000.00, 1000.00, 1000.00, 1100.00, 1100.00, ...
     1100.00, 1100.00, 1100.00, 1100.00, 1100.00, 1100.00, 1100.00, 1100.00, 1100.00, 1100.00, ...
     1200.00, 1200.00, 1200.00, 1200.00, 1200.00, 1200.00, 1200.00, 1200.00, 1200.00, 1200.00, ...
     1200.00, 1300.00, 1300.00, 1300.00, 1300.00, 1300.00, 1300.00, 1300.00, 1300.00, 1300.00, ...
     1300.00, 1300.00, 1300.00, 1300.00, 1400.00, 1400.00, 1400.00, 1400.00, 1400.00, 1400.00, ...
     1400.00, 1400.00, 1400.00, 1400.00, 1400.00, 1400.00, 1400.00, 1400.00, 1400.00, 1500.00, ...
     1500.00, 1500.00, 1500.00, 1500.00, 1500.00, 1500.00, 1500.00, 1500.00, 1500.00, 1500.00, ...
     1600.00, 1600.00, 1600.00, 1600.00, 1600.00, 1600.00, 1600.00, 1600.00, 1600.00, 1600.00, ...
     1700.00, 1700.00, 1700.00, 1700.00, 1700.00, 1700.00, 1800.00, 1800.00, 1800.00, 1800.00, ...
     1800.00, 1800.00, 1800.00, 1900.00, 1900.00, 1900.00, 1900.00, 2000.00, 2000.00, 2000.00, ...
     2000.00, 2000.00, 2000.00, 2000.00, 2000.00, 2000.00, 2000.00, 2000.00, 2000.00, 2000.00, ...
     2000.00, 2000.00, 2000.00, 2000.00, 2000.00, 2000.00, 2000.00, 2000.00, 2000.00, 2000.00, ...
     2000.00, 2000.00, 2000.00, 2000.00, 2000.00, 2100.00, 2100.00, 2100.00, 2200.00, 2200.00, ...
     2200.00, 2200.00, 2300.00, 2300.00, 2300.00, 2400.00, 2400.00, 2400.00, 2500.00, 2500.00, ...
     2600.00, 2600.00, 2600.00, 2600.00, 2600.00, 2600.00, 2600.00, 2600.00, 2600.00, 2600.00, ...
     2600.00, 2600.00, 2600.00, 2600.00, 2600.00, 2600.00, 2600.00, 2600.00, 2600.00, 2600.00, ...
     2600.00, 2600.00, 2600.00, 2600.00, 2600.00, 2600.00, 2600.00, 2700.00, 2700.00, 2700.00, ...
     2700.00, 2700.00, 2700.00, 2700.00, 2700.00, 2700.00, 2700.00, 2700.00, 2700.00, 2700.00, ...
     2700.00, 2700.00, 2700.00, 2700.00, 2700.00, 2700.00, 2700.00, 2700.00, 2700.00, 2700.00, ...
     2700.00, 2700.00, 2700.00, 2700.00, 2700.00, 2700.00, 2700.00, 2700.00, 2800.00, 2800.00, ...
     2900.00, 2900.00, 2900.00, 2900.00, 2900.00, 3000.00, 3000.00, 3000.00, 3000.00, 3000.00, ...
     3000.00, 3000.00, 3000.00, 3000.00, 3000.00, 3000.00, 3000.00, 3000.00, 3000.00, 3000.00, ...
     3000.00, 3000.00, 3000.00, 3000.00, 3000.00, 3000.00, 3000.00, 3000.00, 3000.00, 3000.00, ...
     3000.00, 3000.00, 3000.00, 3000.00, 3000.00, 150.000, 150.000, 469.000, 469.000, 469.000, ...
     540.000, 540.000, 620.000, 620.000, 750.000, 850.000, 850.000, 850.000, 939.000, 950.000, ...
     910.000, 1050.00, 1150.00, 1170.00, 1220.00, 1350.00, 1350.00, 1350.00, 1450.00, 1550.00, ...
     1550.00, 1550.00, 1650.00, 1690.00, 1710.00, 1710.00, 1750.00, 1790.00, 1720.00, 1790.00, ...
     1720.00, 1829.00, 1829.00, 1829.00, 2060.00, 2050.00, 2170.00, 2110.00, 2120.00, 2150.00, ...
     2290.00, 2220.00, 2280.00, 2390.00, 2320.00, 2450.00, 2620.00, 2750.00, 2760.00, 2850.00, ...
     2850.00, 2850.00, 2930.00, 2950.00, 2950.00, 520.000, 2300.00, 2320.00, 530.000, 2550.00, ...
     750.000, 0.00000];
pcb442(2,:) = ... % Y-Coordinates
    [400.000, 500.000, 600.000, 700.000, 800.000, 900.000, 1000.00, 1100.00, 1200.00, 1300.00, ...
     1400.00, 1500.00, 1600.00, 1700.00, 1800.00, 1900.00, 2000.00, 2100.00, 2200.00, 2300.00, ...
     2400.00, 2500.00, 2600.00, 2700.00, 2800.00, 2900.00, 3000.00, 3100.00, 3200.00, 3300.00, ...
     3400.00, 3500.00, 3600.00, 400.000, 500.000, 600.000, 700.000, 800.000, 900.000, 1000.00, ...
     1100.00, 1200.00, 1300.00, 1400.00, 1500.00, 1600.00, 1700.00, 1800.00, 1900.00, 2000.00, ...
     2100.00, 2200.00, 2300.00, 2400.00, 2500.00, 2600.00, 2700.00, 2800.00, 2900.00, 3000.00, ...
     3100.00, 3200.00, 3300.00, 3400.00, 3500.00, 400.000, 500.000, 600.000, 700.000, 800.000, ...
     900.000, 1000.00, 1100.00, 1200.00, 1300.00, 1400.00, 1500.00, 1600.00, 1700.00, 1800.00, ...
     1900.00, 2000.00, 2100.00, 2200.00, 2300.00, 2400.00, 2500.00, 2600.00, 2700.00, 2800.00, ...
     2900.00, 3000.00, 3100.00, 3200.00, 3300.00, 3400.00, 3500.00, 3600.00, 1500.00, 1829.00, ...
     3100.00, 400.000, 300.000, 600.000, 1500.00, 1600.00, 1800.00, 2100.00, 2400.00, 2700.00, ...
     3000.00, 3300.00, 3600.00, 300.000, 600.000, 1030.00, 1500.00, 1800.00, 2100.00, 2400.00, ...
     2600.00, 2700.00, 3000.00, 3300.00, 3600.00, 300.000, 600.000, 1500.00, 1800.00, 2100.00, ...
     2400.00, 2700.00, 3000.00, 3300.00, 3600.00, 300.000, 600.000, 1100.00, 1500.00, 1629.00, ...
     1800.00, 2100.00, 2400.00, 2600.00, 2700.00, 3000.00, 3300.00, 3600.00, 300.000, 600.000, ...
     700.000, 900.000, 1500.00, 1800.00, 2100.00, 2400.00, 2700.00, 3000.00, 3300.00, 3600.00, ...
     300.000, 600.000, 1500.00, 1700.00, 1800.00, 2100.00, 2400.00, 2700.00, 3000.00, 3300.00, ...
     3600.00, 300.000, 600.000, 700.000, 1130.00, 1500.00, 1800.00, 2100.00, 2200.00, 2400.00, ...
     2700.00, 3000.00, 3300.00, 3600.00, 300.000, 600.000, 930.000, 1500.00, 1800.00, 2000.00, ...
     2100.00, 2400.00, 2500.00, 2700.00, 2820.00, 2900.00, 3000.00, 3300.00, 3600.00, 1500.00, ...
     1800.00, 1900.00, 2100.00, 2400.00, 2700.00, 2800.00, 2860.00, 3000.00, 3300.00, 3600.00, ...
     1100.00, 1300.00, 1500.00, 1800.00, 2100.00, 2400.00, 2700.00, 3000.00, 3300.00, 3600.00, ...
     1200.00, 1500.00, 1800.00, 2100.00, 2400.00, 3600.00, 300.000, 600.000, 1230.00, 1500.00, ...
     1800.00, 2100.00, 2400.00, 300.000, 600.000, 3000.00, 3520.00, 300.000, 370.000, 600.000, ...
     800.000, 900.000, 1000.00, 1100.00, 1200.00, 1300.00, 1400.00, 1500.00, 1600.00, 1700.00, ...
     1800.00, 1900.00, 2000.00, 2100.00, 2200.00, 2300.00, 2400.00, 2500.00, 2600.00, 2700.00, ...
     2800.00, 2900.00, 3000.00, 3100.00, 3500.00, 300.000, 600.000, 3200.00, 300.000, 469.000, ...
     600.000, 3200.00, 300.000, 600.000, 3400.00, 300.000, 600.000, 2100.00, 300.000, 800.000, ...
     400.000, 500.000, 800.000, 900.000, 1000.00, 1100.00, 1200.00, 1300.00, 1400.00, 1500.00, ...
     1600.00, 1700.00, 1800.00, 1900.00, 2000.00, 2100.00, 2200.00, 2300.00, 2400.00, 2500.00, ...
     2600.00, 2700.00, 2800.00, 2900.00, 3000.00, 3100.00, 3400.00, 700.000, 800.000, 900.000, ...
     1000.00, 1100.00, 1200.00, 1300.00, 1400.00, 1500.00, 1600.00, 1700.00, 1800.00, 1900.00, ...
     2000.00, 2100.00, 2200.00, 2300.00, 2500.00, 2600.00, 2700.00, 2800.00, 2900.00, 3000.00, ...
     3100.00, 3200.00, 3300.00, 3400.00, 3500.00, 3600.00, 3700.00, 3800.00, 900.000, 1130.00, ...
     400.000, 500.000, 1400.00, 2400.00, 3000.00, 700.000, 800.000, 900.000, 1000.00, 1100.00, ...
     1200.00, 1300.00, 1500.00, 1600.00, 1700.00, 1800.00, 1900.00, 2000.00, 2100.00, 2200.00, ...
     2300.00, 2500.00, 2600.00, 2700.00, 2800.00, 2900.00, 3000.00, 3100.00, 3200.00, 3300.00, ...
     3400.00, 3500.00, 3600.00, 3700.00, 3800.00, 3500.00, 3550.00, 2550.00, 3350.00, 3450.00, ...
     2330.00, 2430.00, 3650.00, 3709.00, 2550.00, 520.000, 700.000, 2280.00, 740.000, 2220.00, ...
     2600.00, 1050.00, 1350.00, 2280.00, 2210.00, 750.000, 1700.00, 2140.00, 770.000, 300.000, ...
     500.000, 1850.00, 1050.00, 2680.00, 310.000, 510.000, 750.000, 2580.00, 2610.00, 3330.00, ...
     3409.00, 2700.00, 2800.00, 3450.00, 1650.00, 3150.00, 1900.00, 2000.00, 2750.00, 3250.00, ...
     1400.00, 2820.00, 3250.00, 1300.00, 1500.00, 710.000, 3650.00, 520.000, 2360.00, 2200.00, ...
     2700.00, 3350.00, 950.000, 1750.00, 2050.00, 3200.00, 3500.00, 3150.00, 2100.00, 710.000, ...
     490.000, 0.00000];
pcb442_opt_tour = ... % Known optimum tour
    [1  , 2  , 3  , 4  , 5  , 6  , 7  , 8  , 9  , 10 , 11 , 12 , 13 , 14 , 15 , 16 , 17 , 18 , ...
     19 , 20 , 53 , 52 , 51 , 83 , 84 , 85 , 381, 382, 86 , 54 , 21 , 22 , 55 , 87 , 378, 88 , ...
     56 , 23 , 24 , 25 , 26 , 27 , 28 , 29 , 30 , 31 , 32 , 376, 377, 33 , 65 , 64 , 63 , 62 , ...
     61 , 60 , 59 , 58 , 57 , 89 , 90 , 91 , 92 , 93 , 101, 111, 123, 133, 146, 158, 169, 182, ...
     197, 196, 195, 194, 181, 168, 157, 145, 144, 391, 132, 122, 110, 121, 385, 109, 120, 388, ...
     131, 143, 156, 167, 180, 193, 192, 204, 216, 225, 233, 408, 409, 412, 413, 404, 217, 205, ...
     206, 207, 208, 218, 219, 209, 198, 183, 170, 159, 147, 134, 124, 112, 436, 94 , 95 , 379, ...
     96 , 380, 97 , 98 , 384, 383, 113, 125, 135, 148, 160, 171, 184, 199, 210, 220, 226, 411, ...
     410, 414, 237, 265, 437, 275, 423, 438, 272, 420, 268, 416, 264, 236, 263, 262, 261, 422, ...
     419, 260, 259, 258, 257, 256, 255, 254, 253, 418, 417, 252, 251, 250, 415, 249, 248, 247, ...
     246, 245, 244, 243, 242, 241, 407, 228, 235, 240, 267, 271, 270, 274, 277, 426, 280, 440, ...
     308, 309, 283, 284, 310, 339, 311, 285, 286, 312, 340, 313, 287, 288, 314, 315, 316, 290, ...
     289, 424, 421, 425, 291, 317, 318, 292, 293, 319, 320, 294, 295, 321, 322, 296, 278, 297, ...
     323, 430, 429, 324, 298, 299, 300, 325, 326, 301, 302, 327, 328, 303, 304, 329, 330, 305, ...
     306, 331, 332, 333, 432, 334, 307, 335, 336, 427, 337, 338, 375, 374, 373, 372, 371, 370, ...
     369, 368, 345, 367, 366, 365, 431, 364, 363, 362, 344, 361, 360, 359, 435, 358, 357, 356, ...
     434, 355, 354, 353, 343, 352, 351, 350, 349, 433, 348, 347, 346, 342, 341, 428, 282, 281, ...
     279, 276, 273, 269, 266, 239, 238, 234, 227, 405, 406, 401, 400, 185, 172, 161, 149, 136, ...
     126, 114, 103, 102, 441, 104, 115, 386, 127, 387, 389, 116, 138, 392, 152, 151, 137, 150, ...
     162, 173, 186, 174, 396, 399, 187, 175, 211, 403, 221, 229, 212, 230, 222, 213, 200, 188, ...
     176, 163, 393, 153, 139, 140, 128, 117, 105, 106, 107, 118, 129, 141, 154, 165, 164, 397, ...
     177, 189, 201, 202, 402, 214, 223, 231, 232, 224, 215, 203, 190, 191, 398, 178, 179, 395, ...
     394, 166, 155, 142, 390, 130, 119, 108, 439, 82 , 50 , 49 , 81 , 100, 80 , 48 , 47 , 79 , ...
     78 , 46 , 45 , 77 , 99 , 76 , 44 , 43 , 75 , 74 , 42 , 41 , 73 , 72 , 40 , 39 , 71 , 70 , ...
     38 , 37 , 69 , 68 , 36 , 35 , 67 , 66 , 34 , 442];
pcb442_opt_tour_length = 50778; % Known optimum tour length
pcb442_opt_tour_length_calculated = 50783.5; % Calculated optimum tour length
