
% --------------------------------------------- pr107 ---------------------------------------------

% Name: pr107 ==> 107-city problem (Padberg/Rinaldi)
pr107(1,:) = ... % X-Coordinates
    [8375 , 8775 , 8375 , 8175 , 8775 , 8575 , 8775 , 8375 , 8775 , 8575 , 8375 , 8175 , 8375 , ...
     8775 , 8375 , 8175 , 8775 , 8575 , 8375 , 8775 , 8375 , 8175 , 8775 , 8575 , 8375 , 8775 , ...
     8375 , 8175 , 8775 , 8575 , 8375 , 8775 , 8375 , 8175 , 8775 , 8575 , 8375 , 8775 , 8375 , ...
     8175 , 8775 , 8575 , 8375 , 8775 , 8375 , 8175 , 8775 , 8575 , 8375 , 8775 , 8375 , 8175 , ...
     8775 , 8575 , 15825, 15825, 15825, 15825, 15825, 15825, 15825, 15825, 15825, 16025, 16425, ...
     16025, 16225, 16425, 16425, 16025, 16225, 16425, 16025, 16025, 16425, 16025, 16225, 16425, ...
     16025, 16425, 16025, 16225, 16425, 16025, 16425, 16025, 16225, 16425, 16025, 16425, 16025, ...
     16225, 16425, 16025, 16425, 16025, 16225, 16425, 16025, 16425, 16025, 16225, 16425, 16025, ...
     16425, 16025, 16225];
pr107(2,:) = ... % Y-Coordinates
    [4700 , 4700 , 4900 , 4900 , 4900 , 4900 , 5400 , 5450 , 5600 , 5600 , 5650 , 5650 , 6200 , ...
     6200 , 6400 , 6400 , 6400 , 6400 , 7000 , 7000 , 7200 , 7200 , 7200 , 7200 , 7800 , 7800 , ...
     8000 , 8000 , 8000 , 8000 , 8700 , 8700 , 8900 , 8900 , 8900 , 8900 , 9600 , 9600 , 9800 , ...
     9800 , 9800 , 9800 , 10500, 10450, 10700, 10700, 10650, 10650, 11300, 11300, 11500, 11500, ...
     11500, 11500, 11500, 10700, 9800 , 8900 , 8000 , 7200 , 6400 , 5650 , 4900 , 4700 , 4700 , ...
     4900 , 4900 , 4900 , 5400 , 5450 , 5600 , 5600 , 5650 , 6200 , 6200 , 6400 , 6400 , 6400 , ...
     7000 , 7000 , 7200 , 7200 , 7200 , 7800 , 7800 , 8000 , 8000 , 8000 , 8700 , 8700 , 8900 , ...
     8900 , 8900 , 9600 , 9600 , 9800 , 9800 , 9800 , 10500, 10450, 10700, 10650, 10650, 11300, ...
     11300, 11500, 11500];
pr107_opt_tour_length = 44303; % Known optimum tour length
