
% --------------------------------------------- pr136 ---------------------------------------------

% Name: pr136 ==> 136-city problem (Padberg/Rinaldi)
pr136(1,:) = ... % X-Coordinates
    [5300 , 7275 , 12450, 14425, 4118 , 4743 , 5935 , 6560 , 11268, 11893, 13085, 13710, 14425, ...
     12450, 10250, 7275 , 5300 , 3100 , 5300 , 7275 , 12450, 14425, 13710, 13085, 11893, 11268, ...
     6560 , 5935 , 4743 , 4118 , 5300 , 7275 , 12450, 14425, 14425, 12450, 7275 , 5300 , 4118 , ...
     4743 , 5935 , 6560 , 11268, 11893, 13085, 13710, 14425, 12450, 10250, 7275 , 5300 , 3100 , ...
     5300 , 7275 , 12450, 14425, 13710, 13085, 11893, 11268, 6560 , 5935 , 4743 , 4118 , 5300 , ...
     7275 , 12450, 14425, 14425, 12450, 7275 , 5300 , 4118 , 4743 , 5935 , 6560 , 11268, 11893, ...
     13085, 13710, 14425, 12450, 7275 , 5300 , 3100 , 5300 , 7275 , 10250, 12450, 14425, 13710, ...
     13085, 11893, 11268, 6560 , 5935 , 4743 , 4118 , 5300 , 7275 , 12450, 14425, 14425, 12450, ...
     7275 , 5300 , 4118 , 4743 , 5935 , 6560 , 11268, 11893, 13085, 13710, 14425, 12450, 7275 , ...
     5300 , 3100 , 5300 , 7275 , 10250, 12450, 14425, 13710, 13085, 11893, 11268, 6560 , 5935 , ...
     4743 , 4118 , 14425, 12450, 7275 , 5300];
pr136(2,:) = ... % Y-Coordinates
    [1965 , 1965 , 1965 , 1965 , 2275 , 2275 , 2275 , 2275 , 2275 , 2275 , 2275 , 2275 , 2590 , ...
     2590 , 2675 , 2590 , 2590 , 2675 , 2760 , 2760 , 2760 , 2760 , 3075 , 3075 , 3075 , 3075 , ...
     3075 , 3075 , 3075 , 3075 , 3385 , 3385 , 3385 , 3385 , 4515 , 4515 , 4515 , 4515 , 4825 , ...
     4825 , 4825 , 4825 , 4825 , 4825 , 4825 , 4825 , 5140 , 5140 , 5225 , 5140 , 5140 , 5225 , ...
     5310 , 5310 , 5310 , 5310 , 5625 , 5625 , 5625 , 5625 , 5625 , 5625 , 5625 , 5625 , 5935 , ...
     5935 , 5935 , 5935 , 7065 , 7065 , 7065 , 7065 , 7375 , 7375 , 7375 , 7375 , 7375 , 7375 , ...
     7375 , 7375 , 7690 , 7690 , 7690 , 7690 , 7775 , 7860 , 7860 , 7775 , 7860 , 7860 , 8175 , ...
     8175 , 8175 , 8175 , 8175 , 8175 , 8175 , 8175 , 8485 , 8485 , 8485 , 8485 , 9615 , 9615 , ...
     9615 , 9615 , 9925 , 9925 , 9925 , 9925 , 9925 , 9925 , 9925 , 9925 , 10240, 10240, 10240, ...
     10240, 10325, 10410, 10410, 10325, 10410, 10410, 10725, 10725, 10725, 10725, 10725, 10725, ...
     10725, 10725, 11035, 11035, 11035, 11035];
pr136_opt_tour_length = 96772; % Known optimum tour length
