
% --------------------------------------------- pr144 ---------------------------------------------

% Name: pr144 ==> 144-city problem (Padberg/Rinaldi)
pr144(1,:) = ... % X-Coordinates
    [4350 , 4500 , 4300 , 4300 , 4300 , 4300 , 4350 , 4500 , 4300 , 4300 , 4300 , 4300 , 4950 , ...
     5150 , 5525 , 5525 , 5525 , 5525 , 4950 , 5250 , 5550 , 4950 , 5150 , 5525 , 5525 , 5525 , ...
     5525 , 4950 , 5250 , 5550 , 5875 , 5875 , 5875 , 5875 , 5675 , 5675 , 5875 , 5875 , 5875 , ...
     5875 , 5675 , 5675 , 8125 , 8225 , 8325 , 8125 , 8225 , 8325 , 8675 , 8675 , 8675 , 8675 , ...
     8675 , 8675 , 8675 , 8675 , 8675 , 8675 , 8425 , 8525 , 8675 , 8675 , 8675 , 8675 , 8675 , ...
     8675 , 8675 , 8675 , 8675 , 8675 , 8425 , 8525 , 10850, 10850, 10850, 10850, 10900, 11050, ...
     10850, 10850, 10850, 10850, 10900, 11050, 11500, 11800, 11500, 11700, 11500, 11800, 11500, ...
     11700, 12075, 12075, 12225, 12225, 12075, 12075, 12100, 12425, 12425, 12425, 12425, 12075, ...
     12075, 12225, 12225, 12075, 12075, 12100, 12425, 12425, 12425, 12425, 14675, 14675, 14775, ...
     14875, 14975, 15075, 15225, 15225, 15225, 15225, 15225, 15225, 15225, 15225, 15225, 15225, ...
     14775, 14875, 14975, 15075, 15225, 15225, 15225, 15225, 15225, 15225, 15225, 15225, 15225, ...
     15225];
pr144(2,:) = ... % Y-Coordinates
    [4425 , 4425 , 4725 , 4825 , 4950 , 5050 , 8875 , 8875 , 9175 , 9275 , 9400 , 9500 , 10600, ...
     10600, 9525 , 9425 , 9225 , 9125 , 8875 , 8875 , 8875 , 6150 , 6150 , 5075 , 4975 , 4775 , ...
     4675 , 4425 , 4425 , 4425 , 2325 , 2475 , 2625 , 2775 , 4825 , 4925 , 6775 , 6925 , 7075 , ...
     7225 , 9275 , 9375 , 10150, 10150, 10150, 5700 , 5700 , 5700 , 3150 , 3250 , 3350 , 3450 , ...
     3550 , 3650 , 3750 , 3850 , 3950 , 4050 , 5700 , 5700 , 7600 , 7700 , 7800 , 7900 , 8000 , ...
     8100 , 8200 , 8300 , 8400 , 8500 , 10150, 10150, 9500 , 9400 , 9275 , 9175 , 8875 , 8875 , ...
     5050 , 4950 , 4825 , 4725 , 4425 , 4425 , 4425 , 4425 , 6150 , 6150 , 8875 , 8875 , 10600, ...
     10600, 9525 , 9425 , 9375 , 9275 , 9225 , 9125 , 8875 , 7225 , 7075 , 6925 , 6775 , 5075 , ...
     4975 , 4925 , 4825 , 4775 , 4675 , 4425 , 2775 , 2625 , 2475 , 2325 , 5700 , 10150, 10150, ...
     10150, 10150, 10150, 8500 , 8400 , 8300 , 8200 , 8100 , 8000 , 7900 , 7800 , 7700 , 7600 , ...
     5700 , 5700 , 5700 , 5700 , 4050 , 3950 , 3850 , 3750 , 3650 , 3550 , 3450 , 3350 , 3250 , ...
     3150];
pr144_opt_tour_length = 58537; % Known optimum tour length
