
% --------------------------------------------- pr152 ---------------------------------------------

% Name: pr152 ==> 152-city problem (Padberg/Rinaldi)
pr152(1,:) = ... % X-Coordinates
    [2100 , 2100 , 2100 , 2100 , 2100 , 2100 , 2100 , 2100 , 2348 , 2350 , 2348 , 2350 , 2348 , ...
     2350 , 2348 , 2350 , 2625 , 2775 , 2625 , 2634 , 2607 , 2625 , 2775 , 2625 , 2607 , 2634 , ...
     2625 , 2775 , 2625 , 2607 , 2634 , 2625 , 2775 , 2625 , 2634 , 2607 , 2825 , 2825 , 2825 , ...
     2825 , 8349 , 8353 , 8349 , 8353 , 8349 , 8353 , 8349 , 8353 , 8474 , 8576 , 8575 , 8474 , ...
     8576 , 8575 , 8474 , 8576 , 8575 , 8474 , 8576 , 8575 , 8625 , 8675 , 8675 , 8669 , 8625 , ...
     8675 , 8675 , 8669 , 8625 , 8675 , 8675 , 8669 , 8625 , 8675 , 8675 , 8669 , 9250 , 9250 , ...
     9250 , 9250 , 9250 , 9250 , 9250 , 9250 , 9498 , 9500 , 9498 , 9500 , 9498 , 9500 , 9498 , ...
     9500 , 9784 , 9757 , 9775 , 9775 , 9784 , 9757 , 9775 , 9775 , 9784 , 9757 , 9775 , 9775 , ...
     9784 , 9757 , 9775 , 9775 , 9925 , 9975 , 9925 , 9975 , 9925 , 9975 , 9925 , 9975 , 15499, ...
     15503, 15499, 15503, 15499, 15503, 15499, 15503, 15624, 15726, 15775, 15725, 15624, 15726, ...
     15775, 15725, 15624, 15726, 15775, 15725, 15624, 15726, 15775, 15725, 15825, 15825, 15819, ...
     15825, 15825, 15819, 15825, 15825, 15819, 15825, 15825, 15819];
pr152(2,:) = ... % Y-Coordinates
    [1850 , 3000 , 4400 , 5550 , 6950 , 8100 , 9500 , 10650, 11205, 10050, 8655 , 7500 , 6105 , ...
     4950 , 3555 , 2400 , 11175, 10995, 10025, 9748 , 9831 , 8625 , 8445 , 7475 , 7281 , 7198 , ...
     6075 , 5895 , 4925 , 4731 , 4648 , 3525 , 3345 , 2375 , 2098 , 2181 , 3025 , 5575 , 8125 , ...
     10675, 10106, 9397 , 7556 , 6847 , 5006 , 4297 , 2456 , 1747 , 1777 , 1803 , 2325 , 4327 , ...
     4353 , 4875 , 6877 , 6903 , 7425 , 9427 , 9453 , 9975 , 9875 , 9675 , 9525 , 9450 , 7325 , ...
     7125 , 6975 , 6900 , 4775 , 4575 , 4425 , 4350 , 2225 , 1875 , 2025 , 1800 , 1850 , 3000 , ...
     4400 , 5550 , 6950 , 8100 , 9500 , 10650, 11205, 10050, 8655 , 7500 , 6105 , 4950 , 3555 , ...
     2400 , 2098 , 2181 , 2375 , 3525 , 4648 , 4731 , 4925 , 6075 , 7198 , 7281 , 7475 , 8625 , ...
     9748 , 9831 , 10025, 11175, 10995, 10675, 8445 , 8125 , 5895 , 5575 , 3345 , 3025 , 10106, ...
     9397 , 7556 , 6847 , 5006 , 4297 , 2456 , 1747 , 1777 , 1803 , 2225 , 2325 , 4327 , 4353 , ...
     4775 , 4875 , 6877 , 6903 , 7325 , 7425 , 9427 , 9453 , 9875 , 9975 , 9675 , 9525 , 9450 , ...
     7125 , 6975 , 6900 , 4575 , 4425 , 4350 , 1875 , 2025 , 1800];
pr152_opt_tour_length = 73682; % Known optimum tour length
