
% --------------------------------------------- pr226 ---------------------------------------------

% Name: pr226 ==> 226-city problem (Padberg/Rinaldi)
pr226(1,:) = ... % X-Coordinates
    [15625, 14625, 14525, 14425, 14125, 14025, 13925, 13975, 13625, 13475, 13475, 13475, 13475, ...
     13325, 13175, 13100, 12675, 12025, 11425, 9725 , 7975 , 6975 , 6875 , 6775 , 6475 , 6375 , ...
     6275 , 6325 , 5975 , 5825 , 5825 , 5825 , 5825 , 5675 , 5525 , 5450 , 5025 , 4375 , 3775 , ...
     2075 , 2075 , 3775 , 4375 , 5025 , 5450 , 5475 , 5475 , 5825 , 6325 , 7975 , 8725 , 8725 , ...
     8725 , 8725 , 8725 , 8725 , 8725 , 8725 , 8725 , 8725 , 8725 , 8725 , 8725 , 9725 , 11425, ...
     12025, 12675, 13100, 13125, 13125, 13475, 13975, 15625, 16375, 16375, 16375, 16375, 16375, ...
     16375, 16375, 16375, 16375, 16375, 16375, 16375, 16375, 4875 , 4875 , 4875 , 4875 , 4875 , ...
     4875 , 4875 , 4875 , 4975 , 4975 , 4975 , 4975 , 4975 , 4975 , 4975 , 4975 , 12525, 12525, ...
     12525, 12525, 12525, 12525, 12525, 12525, 12625, 12625, 12625, 12625, 12625, 12625, 12625, ...
     12625, 12625, 12625, 12625, 12625, 12625, 12625, 12625, 12525, 12525, 12525, 12525, 12525, ...
     12525, 12525, 10075, 9975 , 9875 , 9775 , 4975 , 4975 , 4975 , 4975 , 4975 , 4975 , 4975 , ...
     4875 , 4875 , 4875 , 4875 , 4875 , 4875 , 4875 , 2425 , 2325 , 2225 , 2125 , 1875 , 1975 , ...
     2075 , 2425 , 2525 , 2625 , 2725 , 2825 , 2925 , 3025 , 3125 , 3375 , 3475 , 3575 , 3675 , ...
     3775 , 4075 , 4175 , 4275 , 4375 , 4475 , 4575 , 4675 , 4775 , 4875 , 4975 , 5375 , 5475 , ...
     5575 , 5675 , 5775 , 5875 , 5975 , 6075 , 6175 , 6275 , 9525 , 9625 , 9725 , 10075, 10175, ...
     10275, 10375, 10475, 10575, 10675, 10775, 11025, 11125, 11225, 11325, 11425, 11725, 11825, ...
     11925, 12025, 12125, 12225, 12325, 12425, 12525, 12625, 13025, 13125, 13225, 13325, 13425, ...
     13525, 13625, 13725, 13825, 13925];
pr226(2,:) = ... % Y-Coordinates
    [1150 , 1200 , 1200 , 1200 , 1200 , 1200 , 1200 , 1500 , 1200 , 1200 , 1600 , 1750 , 1900 , ...
     1200 , 1200 , 1725 , 1725 , 1300 , 1600 , 1450 , 1150 , 1200 , 1200 , 1200 , 1200 , 1200 , ...
     1200 , 1500 , 1200 , 1200 , 1600 , 1750 , 1900 , 1200 , 1200 , 1725 , 1725 , 1300 , 1600 , ...
     1450 , 3850 , 2300 , 3300 , 2150 , 2150 , 2500 , 3000 , 2050 , 2200 , 2150 , 2550 , 2650 , ...
     2750 , 2850 , 2950 , 3050 , 3200 , 3300 , 3400 , 3500 , 3600 , 3700 , 3800 , 3850 , 2300 , ...
     3300 , 2150 , 2150 , 2500 , 3000 , 2050 , 2200 , 2150 , 2550 , 2650 , 2750 , 2850 , 2950 , ...
     3050 , 3200 , 3300 , 3400 , 3500 , 3600 , 3700 , 3800 , 6500 , 6700 , 6600 , 6800 , 6900 , ...
     7000 , 7100 , 7200 , 6500 , 6600 , 6700 , 6800 , 6900 , 7000 , 7100 , 7200 , 6500 , 6700 , ...
     6600 , 6800 , 6900 , 7000 , 7100 , 7200 , 6500 , 6600 , 6700 , 6800 , 6900 , 7000 , 7100 , ...
     7200 , 8450 , 8550 , 8650 , 8750 , 8850 , 8950 , 9050 , 8450 , 8650 , 8550 , 8750 , 8950 , ...
     8850 , 9050 , 8800 , 8800 , 8800 , 8800 , 8450 , 8550 , 8650 , 8750 , 8850 , 8950 , 9050 , ...
     8450 , 8650 , 8550 , 8750 , 8950 , 8850 , 9050 , 8800 , 8800 , 8800 , 8800 , 11850, 11850, ...
     11850, 11850, 11850, 11850, 11850, 11850, 11850, 11850, 11850, 11850, 11850, 11850, 11850, ...
     11850, 11850, 11850, 11850, 11850, 11850, 11850, 11850, 11850, 11850, 11850, 11850, 11850, ...
     11850, 11850, 11850, 11850, 11850, 11850, 11850, 11850, 11850, 11850, 11850, 11850, 11850, ...
     11850, 11850, 11850, 11850, 11850, 11850, 11850, 11850, 11850, 11850, 11850, 11850, 11850, ...
     11850, 11850, 11850, 11850, 11850, 11850, 11850, 11850, 11850, 11850, 11850, 11850, 11850, ...
     11850, 11850, 11850, 11850, 11850];
pr226_opt_tour_length = 80369; % Known optimum tour length
