
% --------------------------------------------- rat195 ---------------------------------------------

% Name: rat195 ==> Rattled grid (Pulleyblank)
rat195(1,:) = ... % X-Coordinates
    [3  , 17 , 23 , 34 , 47 , 54 , 66 , 75 , 86 , 94 , 107, 115, 123, 3  , 15 , 26 , 33 , 42 , ...
     53 , 64 , 74 , 85 , 95 , 104, 113, 125, 3  , 15 , 26 , 36 , 48 , 54 , 64 , 75 , 88 , 98 , ...
     103, 115, 127, 6  , 15 , 27 , 36 , 47 , 54 , 66 , 74 , 85 , 94 , 107, 117, 125, 6  , 13 , ...
     25 , 37 , 47 , 53 , 63 , 77 , 83 , 94 , 103, 115, 123, 7  , 15 , 24 , 36 , 43 , 56 , 64 , ...
     73 , 86 , 98 , 104, 117, 126, 6  , 17 , 27 , 35 , 44 , 54 , 63 , 77 , 82 , 96 , 103, 116, ...
     126, 7  , 16 , 24 , 35 , 45 , 55 , 63 , 75 , 87 , 93 , 104, 117, 127, 3  , 16 , 25 , 35 , ...
     44 , 53 , 64 , 76 , 87 , 95 , 106, 114, 125, 3  , 16 , 25 , 37 , 44 , 54 , 66 , 77 , 85 , ...
     93 , 106, 113, 125, 5  , 15 , 24 , 33 , 43 , 53 , 64 , 74 , 84 , 94 , 104, 115, 127, 6  , ...
     13 , 26 , 34 , 43 , 55 , 67 , 75 , 87 , 95 , 105, 117, 127, 6  , 15 , 26 , 33 , 47 , 58 , ...
     65 , 73 , 87 , 94 , 104, 113, 125, 5  , 16 , 24 , 37 , 45 , 54 , 67 , 74 , 87 , 95 , 106, ...
     116, 127, 7  , 17 , 23 , 33 , 43 , 53 , 67 , 73 , 87 , 94 , 104, 114, 127];
rat195(2,:) = ... % Y-Coordinates
    [12 , 12 , 9  , 11 , 11 , 12 , 16 , 7  , 6  , 8  , 9  , 14 , 15 , 32 , 32 , 34 , 34 , 34 , ...
     25 , 32 , 32 , 34 , 28 , 25 , 31 , 34 , 48 , 46 , 50 , 54 , 50 , 46 , 54 , 44 , 49 , 50 , ...
     54 , 47 , 49 , 75 , 75 , 73 , 73 , 68 , 72 , 68 , 67 , 65 , 74 , 65 , 65 , 68 , 84 , 95 , ...
     94 , 84 , 87 , 95 , 86 , 93 , 89 , 95 , 92 , 95 , 93 , 114, 111, 112, 108, 112, 105, 112, ...
     112, 107, 108, 113, 115, 109, 127, 125, 134, 126, 131, 132, 124, 127, 134, 128, 126, 130, ...
     134, 152, 147, 153, 151, 154, 146, 155, 151, 154, 156, 151, 153, 148, 164, 172, 165, 175, ...
     169, 174, 168, 171, 173, 174, 168, 169, 169, 190, 188, 195, 186, 189, 194, 192, 192, 188, ...
     185, 192, 193, 195, 207, 213, 209, 214, 206, 211, 213, 212, 212, 209, 215, 206, 209, 229, ...
     227, 235, 225, 227, 225, 229, 234, 230, 235, 228, 225, 230, 249, 246, 255, 246, 248, 252, ...
     248, 247, 249, 245, 256, 246, 253, 266, 274, 267, 266, 267, 266, 267, 265, 264, 271, 264, ...
     271, 273, 287, 294, 287, 284, 288, 295, 288, 286, 293, 284, 291, 294, 290];
rat195_opt_tour_length = 2323; % Known optimum tour length
