
% --------------------------------------------- rat575 ---------------------------------------------

% Name: rat575 ==> Rattled grid (Pulleyblank)
rat575(1,:) = ... % X-Coordinates
    [6  , 11 , 24 , 36 , 41 , 51 , 64 , 71 , 86 , 95 , 104, 119, 120, 132, 148, 158, 163, 178, ...
     185, 196, 207, 217, 229, 5  , 12 , 28 , 31 , 45 , 55 , 67 , 75 , 85 , 99 , 108, 113, 122, ...
     131, 141, 151, 166, 177, 182, 191, 203, 211, 224, 1  , 18 , 26 , 38 , 42 , 57 , 69 , 79 , ...
     85 , 95 , 102, 114, 121, 135, 146, 159, 161, 171, 181, 194, 208, 214, 223, 1  , 14 , 25 , ...
     35 , 42 , 54 , 65 , 73 , 81 , 98 , 105, 115, 125, 135, 143, 151, 162, 175, 187, 197, 202, ...
     215, 225, 8  , 16 , 20 , 34 , 47 , 56 , 67 , 78 , 84 , 99 , 101, 115, 127, 132, 149, 156, ...
     164, 171, 189, 198, 208, 216, 229, 1  , 12 , 22 , 37 , 48 , 56 , 68 , 72 , 81 , 98 , 103, ...
     112, 130, 136, 142, 157, 164, 174, 184, 198, 202, 212, 229, 6  , 12 , 22 , 31 , 41 , 53 , ...
     62 , 80 , 84 , 98 , 108, 115, 128, 136, 145, 152, 167, 171, 184, 199, 202, 217, 225, 8  , ...
     16 , 27 , 37 , 42 , 54 , 65 , 75 , 82 , 91 , 101, 115, 127, 139, 147, 155, 163, 177, 183, ...
     199, 201, 218, 228, 3  , 18 , 29 , 33 , 43 , 52 , 68 , 73 , 82 , 93 , 101, 117, 124, 139, ...
     145, 151, 166, 178, 181, 199, 208, 219, 223, 8  , 15 , 24 , 34 , 42 , 51 , 65 , 72 , 83 , ...
     96 , 107, 117, 123, 132, 148, 158, 165, 174, 184, 190, 209, 219, 226, 1  , 17 , 22 , 34 , ...
     44 , 56 , 62 , 74 , 89 , 95 , 108, 119, 124, 133, 141, 157, 167, 176, 182, 196, 205, 219, ...
     228, 6  , 11 , 21 , 38 , 48 , 50 , 63 , 73 , 87 , 96 , 102, 118, 128, 137, 147, 151, 169, ...
     177, 185, 193, 207, 214, 224, 6  , 14 , 23 , 36 , 49 , 51 , 64 , 71 , 81 , 92 , 102, 118, ...
     123, 133, 148, 155, 161, 173, 181, 192, 205, 218, 229, 2  , 15 , 22 , 32 , 44 , 57 , 64 , ...
     71 , 81 , 96 , 102, 115, 120, 135, 149, 158, 163, 175, 185, 200, 204, 215, 227, 4  , 13 , ...
     22 , 38 , 41 , 54 , 68 , 71 , 86 , 96 , 101, 119, 122, 140, 147, 158, 163, 174, 187, 199, ...
     203, 216, 226, 9  , 17 , 24 , 31 , 41 , 52 , 65 , 72 , 87 , 93 , 104, 112, 122, 135, 147, ...
     157, 163, 177, 188, 195, 208, 215, 221, 1  , 18 , 27 , 37 , 46 , 54 , 62 , 71 , 81 , 98 , ...
     108, 112, 124, 138, 145, 151, 162, 179, 182, 196, 209, 212, 229, 9  , 17 , 24 , 37 , 46 , ...
     57 , 68 , 77 , 85 , 96 , 109, 112, 122, 131, 143, 151, 163, 176, 185, 199, 203, 213, 225, ...
     7  , 17 , 22 , 34 , 41 , 56 , 62 , 74 , 82 , 96 , 106, 119, 127, 136, 143, 156, 168, 178, ...
     189, 191, 204, 213, 229, 4  , 17 , 29 , 39 , 45 , 56 , 66 , 75 , 88 , 96 , 102, 119, 126, ...
     135, 143, 156, 167, 171, 186, 193, 208, 212, 226, 9  , 18 , 25 , 39 , 41 , 59 , 61 , 78 , ...
     89 , 94 , 108, 117, 128, 136, 147, 158, 167, 175, 189, 193, 202, 215, 224, 2  , 11 , 29 , ...
     33 , 46 , 54 , 67 , 79 , 84 , 96 , 104, 114, 125, 135, 142, 150, 166, 178, 181, 191, 204, ...
     211, 227, 1  , 16 , 27 , 33 , 43 , 57 , 67 , 77 , 84 , 92 , 102, 116, 126, 134, 147, 154, ...
     167, 177, 189, 198, 203, 213, 221, 7  , 19 , 23 , 33 , 43 , 54 , 68 , 74 , 85 , 94 , 108, ...
     113, 129, 136, 143, 153, 160, 172, 181, 198, 206, 217, 228, 9  , 16 , 24 , 33 , 46 , 51 , ...
     69 , 71 , 85 , 93 , 106, 117, 121, 136, 143, 156, 165, 176, 183, 192, 201, 212, 226];
rat575(2,:) = ... % Y-Coordinates
    [18 , 0  , 6  , 13 , 19 , 5  , 9  , 15 , 1  , 1  , 18 , 14 , 17 , 8  , 13 , 20 , 5  , 11 , ...
     20 , 19 , 19 , 9  , 11 , 32 , 23 , 27 , 26 , 34 , 37 , 23 , 34 , 35 , 28 , 21 , 27 , 40 , ...
     39 , 40 , 28 , 27 , 23 , 22 , 25 , 32 , 28 , 24 , 55 , 42 , 50 , 49 , 60 , 42 , 41 , 55 , ...
     52 , 48 , 43 , 42 , 45 , 55 , 51 , 47 , 49 , 48 , 52 , 52 , 50 , 52 , 46 , 71 , 73 , 61 , ...
     63 , 65 , 79 , 69 , 69 , 70 , 66 , 60 , 77 , 65 , 71 , 77 , 77 , 65 , 64 , 74 , 67 , 68 , ...
     78 , 62 , 83 , 89 , 99 , 85 , 86 , 86 , 92 , 84 , 95 , 93 , 97 , 92 , 97 , 87 , 95 , 100, ...
     95 , 81 , 100, 89 , 81 , 92 , 86 , 100, 102, 113, 103, 104, 113, 119, 100, 110, 107, 103, ...
     120, 120, 104, 120, 106, 112, 119, 101, 115, 115, 118, 101, 127, 140, 121, 132, 132, 124, ...
     136, 126, 123, 126, 130, 134, 125, 133, 134, 131, 127, 135, 139, 124, 127, 128, 121, 148, ...
     148, 149, 155, 150, 144, 145, 142, 144, 151, 143, 142, 157, 157, 159, 159, 142, 154, 149, ...
     157, 145, 144, 158, 166, 178, 172, 171, 173, 168, 175, 164, 173, 165, 173, 172, 177, 175, ...
     177, 177, 165, 169, 161, 166, 173, 172, 171, 190, 183, 194, 196, 185, 198, 199, 195, 191, ...
     183, 195, 191, 194, 184, 188, 199, 184, 193, 186, 195, 194, 180, 192, 210, 207, 201, 213, ...
     213, 202, 209, 213, 209, 212, 205, 218, 203, 208, 207, 211, 213, 210, 201, 218, 219, 218, ...
     208, 222, 234, 222, 239, 227, 231, 232, 240, 234, 237, 228, 224, 229, 221, 227, 224, 233, ...
     225, 220, 238, 229, 230, 234, 240, 257, 253, 247, 254, 242, 251, 258, 260, 242, 254, 253, ...
     244, 241, 254, 240, 250, 257, 254, 256, 251, 254, 241, 277, 275, 267, 274, 269, 278, 261, ...
     273, 278, 272, 272, 271, 280, 278, 261, 263, 270, 273, 265, 276, 273, 263, 265, 300, 293, ...
     287, 297, 296, 286, 296, 281, 288, 285, 296, 292, 292, 293, 300, 290, 286, 294, 298, 290, ...
     280, 281, 288, 310, 308, 308, 305, 305, 313, 315, 311, 313, 303, 307, 305, 307, 317, 313, ...
     314, 306, 316, 306, 302, 301, 313, 308, 338, 331, 324, 338, 332, 327, 337, 328, 338, 325, ...
     322, 327, 329, 338, 322, 337, 324, 320, 340, 335, 340, 324, 333, 352, 341, 344, 340, 357, ...
     348, 351, 352, 349, 349, 358, 343, 345, 350, 357, 356, 354, 344, 340, 341, 343, 340, 357, ...
     376, 371, 376, 362, 364, 374, 365, 362, 379, 379, 370, 370, 376, 372, 368, 375, 365, 370, ...
     366, 368, 376, 369, 367, 396, 392, 394, 380, 391, 398, 390, 394, 400, 392, 393, 382, 393, ...
     391, 397, 397, 396, 389, 387, 397, 399, 399, 385, 419, 409, 407, 407, 406, 414, 401, 406, ...
     418, 418, 401, 404, 403, 412, 410, 404, 405, 419, 403, 419, 418, 407, 416, 421, 430, 421, ...
     439, 432, 438, 426, 423, 433, 435, 427, 432, 435, 422, 431, 430, 430, 437, 439, 436, 438, ...
     425, 439, 451, 459, 449, 451, 445, 443, 458, 441, 454, 440, 460, 451, 444, 449, 447, 446, ...
     444, 449, 451, 446, 455, 449, 450, 475, 480, 477, 480, 474, 474, 472, 464, 466, 475, 470, ...
     461, 470, 473, 461, 478, 470, 479, 469, 460, 464, 478, 473, 498, 494, 496, 490, 481, 499, ...
     491, 484, 485, 481, 485, 482, 482, 497, 489, 480, 492, 488, 499, 493, 494, 491, 482];
rat575_opt_tour_length = 6773; % Known optimum tour length
