
% --------------------------------------------- rat99 ---------------------------------------------

% Name: rat99 ==> Rattled grid (Pulleyblank)
rat99(1,:) = ... % X-Coordinates
    [6  , 15 , 24 , 33 , 48 , 57 , 67 , 77 , 86 , 6  , 17 , 23 , 32 , 43 , 55 , 65 , 78 , 87 , ...
     3  , 12 , 28 , 33 , 47 , 55 , 64 , 71 , 87 , 4  , 15 , 22 , 34 , 42 , 54 , 66 , 78 , 87 , ...
     7  , 17 , 26 , 32 , 43 , 57 , 64 , 78 , 83 , 5  , 13 , 25 , 38 , 46 , 58 , 67 , 74 , 88 , ...
     2  , 17 , 23 , 36 , 42 , 53 , 63 , 72 , 87 , 2  , 16 , 25 , 38 , 42 , 57 , 66 , 73 , 86 , ...
     5  , 13 , 25 , 35 , 46 , 54 , 65 , 73 , 86 , 2  , 14 , 28 , 38 , 46 , 57 , 63 , 77 , 85 , ...
     8  , 12 , 22 , 34 , 47 , 58 , 66 , 78 , 85];
rat99(2,:) = ... % Y-Coordinates
    [4  , 15 , 18 , 12 , 12 , 14 , 10 , 10 , 15 , 21 , 26 , 25 , 35 , 23 , 35 , 36 , 39 , 35 , ...
     53 , 44 , 53 , 49 , 46 , 52 , 50 , 57 , 57 , 72 , 78 , 70 , 71 , 79 , 77 , 79 , 67 , 73 , ...
     81 , 95 , 98 , 97 , 88 , 89 , 85 , 83 , 98 , 109, 111, 102, 119, 107, 110, 110, 113, 110, ...
     124, 134, 129, 131, 137, 123, 135, 134, 129, 146, 147, 153, 155, 158, 154, 151, 151, 149, ...
     177, 162, 169, 177, 172, 166, 174, 161, 162, 195, 196, 189, 187, 195, 194, 188, 193, 194, ...
     211, 217, 210, 216, 203, 213, 206, 210, 204];
rat99_opt_tour_length = 1211; % Known optimum tour length
