
% --------------------------------------------- rd100 ---------------------------------------------

% Name: rd100 ==> 100-city random TSP (Reinelt)
rd100(1,:) = ... % X-Coordinates
    [143.775, 881.780, 545.244, 502.813, 204.876, 701.637, 147.167, 135.382, 628.999, 674.999, ...
     313.696, 445.689, 354.793, 398.129, 273.041, 666.295, 876.942, 134.026, 966.825, 659.346, ...
     400.340, 118.041, 809.870, 16.2821, 12.6192, 650.039, 791.189, 907.194, 510.857, 31.6366, ...
     776.763, 531.819, 654.965, 186.060, 564.595, 410.816, 930.189, 941.392, 341.538, 162.622, ...
     107.558, 82.6398, 43.0137, 554.450, 608.618, 889.589, 559.461, 13.6027, 402.567, 886.156, ...
     84.6462, 486.783, 647.516, 967.650, 236.623, 879.518, 509.840, 936.134, 872.343, 142.996, ...
     233.102, 199.819, 302.123, 365.531, 107.593, 802.657, 319.486, 3.24542, 180.027, 977.601, ...
     14.6301, 922.626, 896.272, 667.952, 425.058, 865.918, 898.572, 621.689, 673.730, 89.2979, ...
     147.858, 428.293, 51.7499, 826.458, 426.249, 316.069, 275.713, 835.293, 970.187, 123.616, ...
     226.668, 808.920, 942.256, 705.831, 856.231, 352.477, 308.882, 750.979, 610.775, 483.637];
rd100(2,:) = ... % Y-Coordinates
    [862.630, 1.18319, 735.005, 876.001, 345.225, 576.987, 164.286, 807.910, 976.971, 731.447, ...
     299.126, 981.970, 765.215, 976.034, 853.944, 312.270, 925.390, 949.816, 726.799, 889.080, ...
     874.489, 312.040, 50.8555, 114.161, 48.2407, 940.261, 758.951, 612.605, 25.8629, 431.221, ...
     253.781, 906.890, 767.759, 206.527, 2.99685, 437.921, 639.817, 889.979, 39.4141, 95.1969, ...
     262.746, 131.129, 77.9010, 99.7819, 227.863, 760.960, 508.125, 508.467, 839.178, 764.310, ...
     629.068, 259.062, 553.517, 824.246, 1.52397, 737.584, 420.787, 303.893, 499.018, 840.984, ...
     303.929, 937.721, 847.440, 566.229, 549.471, 344.868, 813.104, 701.539, 766.307, 968.843, ...
     842.383, 954.285, 789.067, 906.108, 869.541, 369.610, 539.108, 878.159, 613.117, 491.923, ...
     459.840, 905.370, 636.336, 231.701, 946.357, 853.389, 973.754, 247.974, 63.5213, 644.170, ...
     562.456, 791.390, 531.023, 455.757, 509.763, 1.16433, 842.792, 394.934, 584.408, 116.325];
rd100_opt_tour = ... % Known optimum tour
    [1  , 18 , 62 , 87 , 15 , 63 , 86 , 97 , 67 , 13 , 49 , 21 , 75 , 82 , 85 , 14 , 12 , 4  , ...
     32 , 9  , 26 , 74 , 20 , 78 , 3  , 33 , 10 , 27 , 92 , 17 , 72 , 70 , 38 , 54 , 73 , 50 , ...
     46 , 56 , 19 , 37 , 28 , 93 , 77 , 95 , 59 , 76 , 58 , 89 , 2  , 23 , 35 , 29 , 44 , 100, ...
     39 , 96 , 55 , 40 , 43 , 25 , 24 , 42 , 7  , 34 , 41 , 22 , 5  , 61 , 11 , 52 , 45 , 16 , ...
     31 , 84 , 88 , 66 , 98 , 94 , 6  , 79 , 53 , 99 , 47 , 57 , 36 , 64 , 91 , 81 , 80 , 30 , ...
     48 , 65 , 90 , 51 , 83 , 68 , 71 , 8  , 69 , 60];
rd100_opt_tour_length = 7910; % Known optimum tour length
rd100_opt_tour_length_calculated = 7910.4; % Calculated optimum tour length
