
% --------------------------------------------- rd400 ---------------------------------------------

% Name: rd400 ==> 400-city random TSP (Reinelt)
rd400(1,:) = ... % X-Coordinates
    [435.841, 602.539, 861.563, 444.217, 796.042, 88.9064, 233.569, 476.864, 406.271, 954.573, ...
     593.326, 946.100, 83.0742, 861.254, 247.619, 963.227, 125.872, 563.237, 55.2590, 691.414, ...
     237.167, 583.448, 404.171, 15.7710, 20.0806, 196.656, 913.249, 828.340, 49.6047, 271.361, ...
     979.153, 489.418, 817.106, 332.771, 278.353, 168.540, 806.139, 445.404, 306.696, 555.492, ...
     156.444, 140.141, 963.235, 460.829, 385.534, 931.464, 279.893, 331.283, 33.5356, 511.528, ...
     232.874, 870.562, 126.307, 25.7158, 550.990, 421.545, 699.395, 30.6059, 486.626, 547.886, ...
     764.190, 489.340, 908.764, 195.225, 171.854, 599.164, 132.524, 327.208, 267.929, 792.919, ...
     156.993, 186.101, 745.996, 672.670, 795.061, 298.827, 91.6001, 917.898, 370.272, 789.206, ...
     800.350, 748.357, 486.979, 148.737, 231.984, 972.905, 40.5600, 192.470, 24.0393, 316.686, ...
     494.944, 525.118, 835.669, 775.205, 109.477, 653.011, 628.285, 1.94865, 730.640, 580.371, ...
     377.453, 258.125, 659.297, 700.979, 801.207, 755.117, 168.354, 607.710, 569.788, 505.772, ...
     692.786, 615.258, 433.068, 226.997, 326.410, 756.359, 175.187, 207.262, 127.313, 245.176, ...
     368.488, 618.453, 284.623, 347.487, 942.046, 923.029, 153.759, 476.331, 232.085, 439.629, ...
     959.404, 659.332, 475.220, 734.709, 844.594, 10.2508, 359.094, 901.100, 607.208, 682.389, ...
     840.931, 449.959, 725.650, 882.698, 429.870, 980.879, 578.122, 541.690, 509.211, 875.589, ...
     101.219, 485.894, 134.000, 167.243, 156.372, 267.979, 476.475, 456.946, 217.245, 165.471, ...
     381.612, 310.765, 2.19756, 135.318, 257.714, 678.108, 176.011, 560.389, 416.783, 852.354, ...
     850.689, 745.771, 104.725, 64.3447, 417.205, 884.474, 868.707, 262.003, 669.764, 420.178, ...
     424.972, 615.069, 967.473, 180.640, 153.897, 138.308, 23.8826, 701.018, 951.537, 190.116, ...
     347.579, 331.085, 547.387, 776.794, 756.586, 172.306, 85.7052, 904.883, 87.5416, 21.9732, ...
     417.302, 205.641, 486.743, 372.177, 117.937, 295.533, 879.339, 889.914, 636.977, 382.491, ...
     134.598, 759.957, 44.5069, 244.594, 642.573, 228.193, 645.769, 881.955, 680.574, 811.997, ...
     963.481, 312.678, 853.959, 518.363, 272.482, 762.214, 648.783, 783.667, 399.475, 32.4988, ...
     814.209, 291.053, 607.013, 92.7453, 769.072, 175.856, 344.656, 227.183, 491.148, 25.5217, ...
     789.060, 980.725, 58.1823, 195.262, 543.707, 557.170, 256.513, 805.435, 462.037, 818.209, ...
     415.460, 203.288, 325.896, 512.472, 826.909, 374.105, 599.164, 327.353, 360.033, 809.911, ...
     260.672, 934.248, 176.023, 606.972, 667.645, 852.864, 746.320, 93.5555, 818.774, 746.616, ...
     231.083, 683.546, 431.006, 709.830, 452.184, 384.806, 886.343, 52.5835, 152.733, 808.889, ...
     775.352, 178.085, 988.743, 114.258, 236.126, 314.339, 273.595, 49.9968, 6.42906, 540.007, ...
     786.058, 995.164, 509.984, 890.360, 304.468, 473.917, 868.559, 91.7265, 616.789, 414.131, ...
     236.206, 974.766, 732.088, 334.192, 561.254, 33.0116, 451.636, 197.287, 236.339, 747.866, ...
     430.779, 21.8230, 344.638, 754.786, 257.178, 233.293, 109.638, 818.496, 438.962, 344.937, ...
     920.634, 950.473, 123.803, 826.839, 967.716, 763.859, 477.087, 189.042, 500.418, 807.777, ...
     6.13562, 680.526, 752.455, 740.572, 494.045, 225.447, 782.186, 559.929, 463.399, 99.6077, ...
     257.615, 42.8894, 172.907, 483.206, 537.144, 2.99018, 286.889, 34.4571, 382.173, 407.053, ...
     957.659, 534.254, 891.084, 609.907, 800.506, 6.59450, 122.621, 517.930, 235.387, 603.560, ...
     910.373, 498.328, 548.665, 779.110, 582.097, 214.744, 560.439, 693.672, 90.4960, 760.500, ...
     626.521, 995.853, 918.947, 989.579, 377.688, 961.419, 825.413, 827.455, 35.7801, 620.154, ...
     109.524, 738.931, 274.222, 82.5408, 592.712, 724.782, 778.131, 885.712, 26.8873, 741.314, ...
     165.760, 256.231, 927.385, 524.925, 72.1925, 367.230, 349.224, 127.116, 587.637, 22.8315];
rd400(2,:) = ... % Y-Coordinates
    [587.522, 801.704, 954.019, 553.301, 796.519, 838.954, 850.798, 203.976, 601.839, 785.053, ...
     968.644, 432.995, 601.487, 754.120, 698.637, 965.824, 536.987, 20.7366, 619.092, 576.653, ...
     707.298, 609.201, 942.218, 614.642, 62.8968, 613.862, 428.902, 584.111, 40.6059, 736.904, ...
     716.970, 957.946, 281.120, 466.520, 945.623, 974.806, 537.748, 306.860, 552.626, 359.315, ...
     178.995, 704.084, 442.629, 255.503, 487.846, 198.146, 896.021, 923.481, 889.860, 60.4103, ...
     327.742, 747.862, 27.0835, 384.711, 317.710, 669.856, 641.832, 881.315, 987.924, 870.165, ...
     227.841, 885.471, 483.318, 821.483, 111.942, 587.500, 507.626, 868.800, 788.352, 136.517, ...
     187.479, 903.489, 818.744, 141.516, 496.701, 796.840, 378.018, 105.225, 274.581, 738.168, ...
     158.589, 537.031, 88.5907, 95.1072, 10.1310, 220.419, 259.589, 292.712, 509.808, 311.822, ...
     163.270, 681.256, 882.708, 181.054, 27.3525, 671.869, 197.058, 712.335, 446.995, 933.465, ...
     863.505, 251.372, 693.415, 439.308, 327.664, 581.702, 774.785, 673.196, 359.946, 795.094, ...
     475.055, 416.034, 854.106, 149.199, 615.676, 997.073, 551.629, 753.080, 986.134, 595.849, ...
     322.474, 808.454, 905.817, 932.543, 733.577, 410.170, 230.999, 253.181, 588.069, 819.344, ...
     382.332, 989.174, 422.920, 76.1660, 856.238, 829.527, 688.825, 207.153, 778.844, 84.7105, ...
     757.357, 883.516, 402.263, 149.994, 229.253, 821.977, 545.104, 818.375, 164.053, 251.226, ...
     820.450, 5.47970, 228.874, 943.593, 445.891, 69.0196, 711.843, 809.262, 20.1127, 811.813, ...
     457.549, 220.815, 25.8493, 579.262, 332.927, 546.502, 611.721, 331.015, 521.535, 420.312, ...
     321.301, 57.0821, 588.780, 87.0233, 194.188, 559.131, 180.065, 425.604, 662.314, 34.4287, ...
     239.973, 4.82106, 235.618, 963.276, 253.897, 544.775, 240.295, 43.4543, 792.325, 9.77048, ...
     997.518, 8.82753, 204.852, 291.288, 917.899, 772.747, 33.6732, 126.216, 389.280, 102.510, ...
     581.199, 477.219, 625.481, 77.9249, 480.467, 923.189, 967.331, 107.701, 852.552, 96.1738, ...
     416.191, 814.020, 940.863, 473.987, 589.530, 537.552, 36.6176, 436.361, 156.194, 466.210, ...
     584.969, 611.344, 621.638, 989.629, 202.425, 751.456, 603.790, 742.083, 192.268, 938.751, ...
     436.493, 292.049, 13.6116, 433.967, 182.917, 408.861, 388.185, 343.604, 328.614, 669.796, ...
     180.381, 735.090, 207.452, 304.483, 996.057, 378.511, 606.643, 372.793, 417.062, 629.891, ...
     823.742, 280.220, 907.590, 906.526, 802.719, 494.356, 619.972, 384.372, 175.038, 758.316, ...
     213.383, 685.015, 365.196, 355.066, 810.279, 824.650, 56.0444, 531.101, 606.902, 491.772, ...
     960.553, 930.491, 685.786, 561.077, 663.382, 812.568, 4.94442, 271.001, 951.553, 763.527, ...
     780.347, 519.553, 256.460, 377.412, 494.214, 438.079, 173.028, 742.733, 353.950, 528.659, ...
     432.582, 77.7478, 834.341, 307.257, 535.688, 22.3053, 484.797, 661.356, 748.507, 748.199, ...
     683.440, 171.802, 320.501, 594.830, 14.0532, 545.758, 797.971, 1.98716, 400.124, 360.265, ...
     816.476, 256.845, 230.393, 929.344, 178.950, 789.181, 555.178, 388.539, 136.901, 837.515, ...
     460.336, 33.9817, 911.149, 234.883, 166.523, 558.636, 834.773, 621.271, 885.256, 879.354, ...
     122.624, 979.535, 173.084, 359.870, 199.610, 556.169, 687.569, 171.432, 711.700, 192.347, ...
     814.539, 926.489, 173.232, 814.332, 893.849, 973.272, 436.077, 282.052, 228.740, 857.824, ...
     25.5349, 449.898, 771.611, 714.945, 368.529, 196.999, 436.923, 649.464, 41.3129, 723.736, ...
     948.618, 926.571, 952.849, 99.0186, 75.6071, 82.1886, 622.937, 555.594, 16.7955, 411.841, ...
     526.724, 234.577, 876.684, 47.3211, 314.408, 413.034, 709.361, 580.479, 990.366, 281.819, ...
     120.779, 820.767, 258.428, 643.565, 764.167, 471.166, 902.453, 666.382, 163.883, 972.935, ...
     712.313, 126.549, 899.534, 53.7248, 423.799, 863.354, 799.328, 42.9147, 139.566, 355.085];
rd400_opt_tour_length = 15281; % Known optimum tour length
