
% --------------------------------------------- rl1304 ---------------------------------------------

% Name: rl1304 ==> 1304-city TSP (Reinelt)
rl1304(1,:) = ... % X-Coordinates
    [15440.0, 15440.0, 15440.0, 15440.0, 15440.0, 15440.0, 15536.0, 15616.0, 15824.0, 16048.0, ...
     16176.0, 16384.0, 16512.0, 16624.0, 16704.0, 16784.0, 16880.0, 17024.0, 17312.0, 17440.0, ...
     17600.0, 17872.0, 17936.0, 6320.00, 6320.00, 6432.00, 6480.00, 6480.00, 6480.00, 6480.00, ...
     1232.00, 1232.00, 1232.00, 1232.00, 1456.00, 1520.00, 4272.00, 4272.00, 4304.00, 4416.00, ...
     4496.00, 4528.00, 4528.00, 4592.00, 4704.00, 4784.00, 4880.00, 4944.00, 5120.00, 5200.00, ...
     5360.00, 5504.00, 5616.00, 5648.00, 5648.00, 5680.00, 5808.00, 5952.00, 6096.00, 6160.00, ...
     6240.00, 5648.00, 6288.00, 6288.00, 6288.00, 6288.00, 6688.00, 6800.00, 6912.00, 7072.00, ...
     7120.00, 7120.00, 7120.00, 7120.00, 18432.0, 18720.0, 18912.0, 19040.0, 14128.0, 14128.0, ...
     14128.0, 14128.0, 14320.0, 14464.0, 14608.0, 14672.0, 14736.0, 14800.0, 14896.0, 15024.0, ...
     15280.0, 15280.0, 15280.0, 15280.0, 3504.00, 3504.00, 3504.00, 3648.00, 3760.00, 3872.00, ...
     4096.00, 4304.00, 4784.00, 4880.00, 4960.00, 5136.00, 5216.00, 5344.00, 5776.00, 5808.00, ...
     5808.00, 5808.00, 784.000, 784.000, 816.000, 912.000, 1056.00, 1104.00, 1104.00, 9104.00, ...
     9104.00, 9104.00, 9104.00, 9104.00, 9216.00, 9296.00, 9456.00, 9568.00, 9664.00, 9776.00, ...
     9840.00, 9904.00, 10080.0, 10336.0, 10448.0, 10544.0, 10640.0, 10768.0, 10864.0, 10960.0, ...
     11088.0, 11168.0, 11344.0, 11568.0, 11696.0, 11792.0, 11824.0, 11824.0, 11824.0, 11824.0, ...
     11824.0, 10768.0, 10768.0, 10768.0, 10768.0, 11024.0, 11088.0, 11184.0, 11280.0, 11584.0, ...
     11760.0, 11760.0, 11760.0, 11760.0, 11760.0, 10064.0, 10064.0, 10064.0, 10064.0, 10064.0, ...
     10128.0, 10192.0, 10336.0, 10448.0, 10640.0, 10864.0, 10960.0, 11024.0, 11088.0, 11088.0, ...
     9072.00, 10480.0, 10544.0, 10640.0, 10736.0, 11216.0, 11280.0, 11408.0, 11536.0, 11936.0, ...
     12064.0, 12112.0, 12112.0, 12112.0, 12112.0, 12112.0, 8688.00, 8688.00, 8688.00, 8688.00, ...
     8720.00, 8800.00, 8944.00, 9488.00, 9712.00, 9904.00, 9968.00, 10112.0, 10192.0, 10544.0, ...
     10640.0, 11600.0, 11728.0, 11968.0, 12048.0, 12048.0, 12192.0, 12288.0, 12368.0, 12400.0, ...
     12400.0, 12400.0, 12400.0, 12400.0, 12400.0, 8528.00, 8528.00, 8528.00, 8528.00, 8528.00, ...
     8560.00, 8720.00, 8800.00, 12336.0, 12336.0, 12336.0, 12336.0, 12336.0, 8464.00, 8464.00, ...
     8464.00, 8560.00, 8560.00, 8560.00, 8560.00, 8560.00, 7216.00, 7216.00, 7216.00, 7216.00, ...
     7216.00, 7216.00, 7408.00, 7504.00, 7568.00, 7664.00, 7728.00, 7760.00, 7760.00, 7760.00, ...
     7760.00, 7760.00, 12560.0, 12560.0, 12560.0, 12560.0, 12560.0, 12640.0, 12752.0, 12848.0, ...
     13056.0, 13152.0, 13232.0, 13328.0, 13392.0, 13584.0, 13696.0, 13808.0, 14032.0, 13680.0, ...
     13680.0, 13680.0, 13680.0, 13680.0, 13680.0, 13680.0, 13712.0, 13808.0, 14064.0, 14320.0, ...
     14448.0, 14512.0, 14608.0, 14672.0, 14736.0, 14800.0, 14896.0, 15024.0, 15408.0, 15536.0, ...
     15616.0, 15824.0, 16048.0, 16176.0, 16384.0, 16512.0, 16672.0, 16768.0, 17072.0, 17168.0, ...
     17312.0, 17440.0, 17536.0, 18128.0, 17712.0, 17712.0, 17968.0, 18112.0, 12784.0, 12784.0, ...
     12784.0, 12784.0, 12784.0, 14192.0, 14896.0, 14896.0, 14896.0, 13712.0, 4208.00, 4208.00, ...
     4208.00, 4592.00, 4704.00, 4784.00, 5792.00, 5968.00, 6080.00, 6224.00, 6528.00, 6608.00, ...
     6800.00, 6912.00, 6992.00, 7056.00, 7136.00, 7376.00, 7440.00, 7568.00, 7712.00, 7792.00, ...
     7856.00, 7920.00, 8000.00, 8112.00, 8272.00, 8368.00, 8400.00, 8400.00, 10480.0, 10544.0, ...
     10640.0, 10752.0, 10832.0, 10912.0, 11008.0, 11200.0, 11280.0, 11408.0, 12304.0, 12304.0, ...
     12304.0, 12656.0, 12656.0, 12656.0, 12656.0, 12656.0, 12656.0, 14864.0, 14864.0, 14864.0, ...
     15024.0, 15024.0, 15024.0, 4592.00, 4656.00, 4768.00, 4880.00, 4976.00, 5056.00, 5488.00, ...
     5952.00, 6096.00, 6160.00, 6560.00, 7664.00, 7792.00, 7792.00, 7792.00, 7792.00, 7792.00, ...
     16496.0, 16496.0, 16624.0, 16704.0, 16784.0, 16880.0, 16944.0, 17008.0, 17104.0, 17296.0, ...
     17424.0, 17616.0, 17952.0, 18080.0, 18208.0, 18368.0, 18416.0, 18416.0, 1264.00, 16400.0, ...
     17904.0, 3984.00, 3984.00, 3984.00, 8272.00, 8272.00, 16336.0, 16336.0, 16336.0, 16976.0, ...
     1008.00, 5808.00, 5808.00, 5808.00, 5936.00, 5936.00, 4432.00, 4656.00, 4656.00, 4656.00, ...
     4656.00, 16848.0, 17296.0, 17424.0, 18208.0, 18384.0, 18384.0, 8240.00, 8400.00, 8432.00, ...
     8432.00, 8432.00, 8432.00, 1584.00, 1584.00, 1584.00, 1616.00, 1680.00, 2576.00, 2576.00, ...
     2672.00, 2672.00, 2672.00, 2672.00, 2672.00, 17008.0, 880.000, 880.000, 1104.00, 5520.00, ...
     5520.00, 5680.00, 5680.00, 3888.00, 3888.00, 16592.0, 18096.0, 8016.00, 8016.00, 8016.00, ...
     8144.00, 8144.00, 8144.00, 8144.00, 8144.00, 16784.0, 16784.0, 17072.0, 17168.0, 17312.0, ...
     17440.0, 17536.0, 17664.0, 17776.0, 784.000, 1104.00, 7728.00, 7728.00, 7728.00, 7920.00, ...
     7920.00, 7920.00, 7920.00, 7920.00, 7920.00, 7920.00, 5232.00, 5232.00, 5520.00, 5520.00, ...
     5520.00, 3856.00, 4720.00, 4976.00, 4976.00, 4976.00, 18496.0, 7376.00, 7376.00, 7376.00, ...
     7376.00, 7504.00, 7504.00, 7504.00, 7504.00, 1808.00, 1808.00, 1808.00, 1840.00, 1920.00, ...
     1968.00, 12528.0, 12528.0, 12528.0, 12528.0, 12528.0, 12752.0, 12848.0, 12848.0, 12848.0, ...
     12848.0, 13056.0, 13136.0, 13328.0, 13392.0, 13456.0, 13584.0, 13808.0, 14064.0, 14320.0, ...
     14448.0, 14512.0, 14608.0, 14672.0, 14736.0, 14800.0, 15536.0, 15616.0, 15824.0, 16048.0, ...
     16176.0, 16304.0, 17088.0, 17296.0, 17456.0, 1680.00, 1776.00, 1808.00, 5936.00, 5936.00, ...
     6160.00, 6160.00, 6160.00, 6160.00, 6160.00, 18512.0, 18512.0, 18512.0, 10320.0, 11280.0, ...
     11408.0, 11552.0, 11600.0, 11600.0, 11600.0, 4880.00, 4944.00, 5040.00, 5120.00, 5392.00, ...
     6064.00, 6160.00, 6224.00, 6224.00, 6256.00, 6384.00, 6384.00, 6384.00, 6384.00, 6384.00, ...
     1936.00, 1936.00, 1936.00, 2064.00, 6672.00, 6672.00, 6672.00, 6896.00, 6992.00, 7056.00, ...
     7136.00, 7440.00, 7568.00, 7856.00, 7920.00, 8128.00, 8800.00, 8880.00, 8944.00, 9216.00, ...
     9296.00, 9488.00, 9552.00, 9632.00, 9712.00, 9776.00, 9936.00, 10128.0, 10192.0, 10336.0, ...
     10448.0, 10544.0, 10864.0, 10960.0, 11024.0, 11168.0, 11280.0, 11376.0, 11440.0, 11728.0, ...
     11808.0, 11952.0, 11984.0, 11984.0, 11984.0, 11984.0, 11984.0, 12080.0, 12224.0, 12464.0, ...
     8784.00, 8784.00, 8784.00, 8848.00, 8976.00, 8976.00, 8976.00, 8976.00, 8976.00, 3280.00, ...
     3280.00, 3280.00, 3280.00, 3344.00, 3408.00, 3536.00, 3648.00, 4400.00, 4768.00, 4880.00, ...
     5040.00, 7568.00, 7568.00, 10544.0, 10544.0, 10544.0, 10640.0, 7824.00, 7824.00, 7824.00, ...
     7824.00, 7920.00, 7920.00, 10608.0, 10864.0, 10960.0, 11024.0, 11168.0, 11280.0, 11376.0, ...
     11440.0, 11776.0, 11952.0, 12048.0, 9520.00, 9632.00, 9712.00, 9776.00, 9936.00, 10128.0, ...
     10192.0, 10336.0, 10448.0, 11440.0, 11472.0, 11536.0, 12592.0, 12768.0, 13056.0, 13136.0, ...
     13136.0, 13136.0, 6000.00, 6160.00, 6432.00, 6512.00, 8880.00, 8944.00, 9216.00, 9296.00, ...
     9488.00, 9552.00, 9632.00, 9712.00, 9776.00, 9936.00, 10352.0, 10352.0, 10544.0, 656.000, ...
     656.000, 16304.0, 17648.0, 6608.00, 208.000, 10864.0, 11024.0, 11184.0, 11280.0, 11376.0, ...
     12592.0, 12768.0, 13056.0, 13232.0, 13328.0, 13392.0, 13456.0, 13584.0, 9520.00, 9552.00, ...
     9632.00, 9712.00, 9776.00, 9936.00, 10128.0, 10192.0, 10448.0, 10960.0, 11024.0, 11168.0, ...
     11280.0, 11376.0, 11728.0, 12096.0, 12384.0, 12480.0, 12720.0, 13072.0, 13152.0, 13232.0, ...
     13296.0, 13392.0, 13584.0, 13808.0, 13808.0, 13808.0, 13808.0, 13808.0, 13808.0, 3120.00, ...
     3120.00, 3120.00, 3120.00, 3120.00, 3184.00, 3248.00, 3280.00, 3280.00, 3280.00, 3280.00, ...
     3280.00, 11376.0, 3152.00, 3152.00, 3152.00, 3152.00, 1392.00, 1392.00, 1392.00, 1392.00, ...
     1424.00, 1520.00, 464.000, 528.000, 7664.00, 7664.00, 7664.00, 5360.00, 5360.00, 5360.00, ...
     5360.00, 5392.00, 10032.0, 10192.0, 10192.0, 3184.00, 3344.00, 3408.00, 3536.00, 3648.00, ...
     3744.00, 4080.00, 4592.00, 4768.00, 4880.00, 5056.00, 5136.00, 5216.00, 9936.00, 10096.0, ...
     1328.00, 1504.00, 2144.00, 2224.00, 2384.00, 2480.00, 2544.00, 2816.00, 2976.00, 3088.00, ...
     3360.00, 3440.00, 3664.00, 3744.00, 4016.00, 4592.00, 4784.00, 4880.00, 6992.00, 7056.00, ...
     7136.00, 7312.00, 9232.00, 9232.00, 9296.00, 9328.00, 9328.00, 4880.00, 4048.00, 8304.00, ...
     9776.00, 12592.0, 12752.0, 12784.0, 12784.0, 7056.00, 14320.0, 14320.0, 14320.0, 14512.0, ...
     14512.0, 14512.0, 14704.0, 14704.0, 14704.0, 14736.0, 14736.0, 2928.00, 2928.00, 3184.00, ...
     4592.00, 4592.00, 13072.0, 13072.0, 13072.0, 13072.0, 13072.0, 13072.0, 10480.0, 10480.0, ...
     10480.0, 11200.0, 11280.0, 11536.0, 12592.0, 6896.00, 6896.00, 7120.00, 7120.00, 3408.00, ...
     3408.00, 3408.00, 3408.00, 3408.00, 3728.00, 7408.00, 7408.00, 7408.00, 7408.00, 3568.00, ...
     2896.00, 2896.00, 2976.00, 4752.00, 4752.00, 12720.0, 12720.0, 12720.0, 12720.0, 2800.00, ...
     2800.00, 2800.00, 2800.00, 2832.00, 2832.00, 2832.00, 2832.00, 8112.00, 8112.00, 8208.00, ...
     8208.00, 1328.00, 1328.00, 1328.00, 12464.0, 12496.0, 12496.0, 9296.00, 9296.00, 9456.00, ...
     9584.00, 9680.00, 9744.00, 9856.00, 10336.0, 10416.0, 10752.0, 5072.00, 6512.00, 7440.00, ...
     7440.00, 12368.0, 12368.0, 13456.0, 13584.0, 14064.0, 15536.0, 15616.0, 15824.0, 16048.0, ...
     16176.0, 14512.0, 14512.0, 17520.0, 14032.0, 14192.0, 14192.0, 12080.0, 12496.0, 16656.0, ...
     13232.0, 13232.0, 13232.0, 13232.0, 13456.0, 10192.0, 14320.0, 14320.0, 14320.0, 14320.0, ...
     14448.0, 14448.0, 14768.0, 14768.0, 14768.0, 14800.0, 9872.00, 9872.00, 10128.0, 16496.0, ...
     16496.0, 15376.0, 15376.0, 15376.0, 15376.0, 15408.0, 6096.00, 6096.00, 6096.00, 6672.00, ...
     6672.00, 7248.00, 7248.00, 7248.00, 7248.00, 8880.00, 8944.00, 13152.0, 13296.0, 13392.0, ...
     13584.0, 14032.0, 14608.0, 15520.0, 15648.0, 15760.0, 15824.0, 15920.0, 15664.0, 15664.0, ...
     15664.0, 16144.0, 14608.0, 14608.0, 15504.0, 16192.0, 5328.00, 6064.00, 9616.00, 9680.00, ...
     9680.00, 8368.00, 10416.0, 4336.00, 5136.00, 5216.00, 5600.00, 6560.00, 6784.00, 8848.00, ...
     9456.00, 9584.00, 9744.00, 9968.00, 13168.0, 13168.0, 13168.0, 3344.00, 3344.00, 6544.00, ...
     6576.00, 6576.00, 6736.00, 8720.00, 8944.00, 9456.00, 3632.00, 15536.0, 15536.0, 15600.0, ...
     6448.00, 1504.00, 2000.00, 2128.00, 2224.00, 2256.00, 2256.00, 2256.00, 5600.00, 6784.00, ...
     8848.00, 9200.00, 9584.00, 9744.00, 13584.0, 14064.0, 14960.0, 15248.0, 15536.0, 15824.0, ...
     16048.0, 16208.0, 16304.0, 16592.0, 16752.0, 12880.0, 13232.0, 13296.0, 15248.0, 16176.0, ...
     16176.0, 16176.0, 16208.0, 13296.0, 13392.0, 13584.0, 14032.0, 14608.0, 15760.0, 15824.0, ...
     15920.0, 16032.0, 2384.00, 2384.00, 2384.00, 2384.00, 2224.00, 2480.00, 2544.00, 2960.00, ...
     3088.00, 1504.00, 2544.00, 2544.00, 2544.00, 2672.00, 2672.00, 8848.00, 8848.00, 3088.00, ...
     3344.00, 3184.00, 3184.00, 2352.00, 8880.00, 13296.0, 13296.0, 13328.0, 17232.0, 17312.0, ...
     17424.0, 18080.0, 18160.0, 18240.0, 18336.0, 18640.0, 13392.0, 13584.0, 14032.0, 14608.0, ...
     15760.0, 15824.0, 15920.0, 16032.0, 16704.0, 16944.0, 17072.0, 17232.0, 17264.0, 15920.0, ...
     16064.0, 9712.00, 17328.0, 17968.0, 18192.0, 18704.0, 18928.0, 13232.0, 14032.0, 13584.0, ...
     14672.0, 13392.0, 13392.0, 5600.00, 17440.0, 1888.00, 2128.00, 2128.00, 2064.00, 2480.00, ...
     2480.00, 2160.00, 2064.00, 3744.00, 18640.0, 18704.0, 15696.0, 9200.00, 15824.0, 8016.00, ...
     9040.00, 9104.00, 18192.0, 19024.0, 9200.00, 6320.00, 18224.0, 14944.0, 1024.00, 5872.00, ...
     2624.00, 8080.00, 4848.00, 6224.00, 6800.00, 6800.00, 10592.0, 12016.0, 9360.00, 11440.0, ...
     6624.00, 6048.00, 304.000, 688.000, 7632.00, 560.000, 752.000, 6992.00, 7408.00, 8352.00, ...
     14720.0, 12736.0, 2816.00, 8160.00, 12608.0, 11664.0, 14496.0, 608.000, 12480.0, 16640.0, ...
     14384.0, 7712.00, 14784.0, 16512.0, 15392.0, 5712.00, 5840.00, 6096.00, 6688.00, 15952.0, ...
     4560.00, 4784.00, 8416.00, 6128.00, 6576.00, 15568.0, 944.000, 2160.00, 15984.0, 14224.0, ...
     14832.0, 14992.0, 15376.0, 16176.0, 16176.0, 16560.0, 16720.0, 16848.0, 12944.0, 14352.0, ...
     16304.0, 2448.00, 3024.00, 8832.00, 10992.0, 3376.00, 13312.0, 17136.0, 17264.0, 13184.0, ...
     16736.0, 15968.0, 15520.0, 205.000, 16032.0, 16064.0, 14048.0, 14640.0, 5232.00, 5232.00, ...
     6992.00, 12304.0, 12304.0, 13904.0, 336.000, 336.000, 3792.00, 3792.00, 880.000, 2224.00, ...
     2608.00, 3440.00, 17888.0, 11232.0, 18144.0, 15856.0, 15856.0, 7152.00, 7152.00, 7280.00, ...
     7296.00, 7312.00, 7568.00, 8624.00, 8912.00, 9232.00, 9520.00, 10576.0, 10864.0, 7696.00, ...
     9072.00, 9184.00, 10992.0, 11120.0];
rl1304(2,:) = ... % Y-Coordinates
    [8888.00, 9328.00, 9768.00, 11264.0, 13288.0, 14058.0, 8228.00, 8228.00, 8228.00, 8228.00, ...
     8228.00, 8228.00, 8228.00, 8228.00, 8228.00, 8228.00, 8228.00, 8228.00, 8228.00, 8228.00, ...
     8228.00, 8228.00, 4400.00, 10626.0, 12012.0, 9680.00, 4180.00, 4796.00, 5544.00, 6732.00, ...
     5918.00, 7304.00, 12012.0, 14432.0, 5588.00, 4730.00, 11154.0, 11858.0, 10296.0, 10296.0, ...
     10296.0, 5544.00, 7040.00, 10296.0, 10296.0, 10296.0, 10296.0, 10296.0, 10296.0, 10296.0, ...
     10296.0, 10296.0, 10296.0, 7942.00, 9020.00, 6952.00, 6952.00, 6952.00, 6952.00, 6952.00, ...
     6952.00, 14322.0, 4180.00, 4796.00, 5544.00, 8052.00, 9020.00, 9020.00, 9020.00, 9020.00, ...
     5280.00, 6732.00, 7172.00, 7942.00, 4422.00, 4422.00, 4422.00, 4422.00, 5610.00, 7480.00, ...
     8888.00, 9328.00, 9548.00, 9548.00, 9548.00, 9548.00, 9548.00, 9548.00, 9548.00, 9548.00, ...
     9768.00, 11264.0, 13288.0, 14058.0, 9240.00, 10142.0, 12012.0, 9020.00, 9020.00, 9020.00, ...
     9020.00, 9020.00, 9020.00, 9020.00, 9020.00, 9020.00, 9020.00, 9020.00, 9020.00, 4488.00, ...
     5544.00, 8052.00, 4400.00, 5500.00, 6776.00, 6776.00, 7524.00, 12012.0, 14432.0, 10472.0, ...
     11704.0, 12540.0, 13508.0, 14058.0, 9548.00, 9548.00, 9548.00, 9548.00, 9548.00, 9548.00, ...
     9548.00, 9548.00, 9548.00, 9548.00, 9548.00, 9548.00, 9548.00, 9548.00, 9548.00, 9548.00, ...
     9548.00, 9548.00, 9548.00, 9548.00, 9548.00, 9548.00, 5324.00, 6512.00, 7172.00, 7612.00, ...
     8492.00, 11484.0, 12540.0, 13068.0, 13970.0, 8932.00, 8932.00, 8932.00, 8932.00, 8932.00, ...
     5324.00, 6512.00, 7172.00, 7612.00, 8382.00, 11704.0, 12540.0, 13068.0, 13508.0, 14190.0, ...
     11484.0, 11484.0, 11484.0, 11484.0, 11484.0, 11484.0, 11484.0, 11484.0, 5324.00, 6842.00, ...
     8976.00, 8492.00, 8492.00, 8492.00, 8492.00, 8492.00, 8492.00, 8492.00, 8492.00, 8492.00, ...
     8492.00, 5104.00, 5764.00, 6512.00, 7172.00, 7612.00, 11594.0, 12540.0, 13508.0, 14058.0, ...
     10956.0, 10956.0, 10956.0, 10956.0, 10956.0, 10956.0, 10956.0, 10956.0, 10956.0, 10956.0, ...
     10956.0, 10956.0, 10956.0, 10956.0, 9284.00, 10362.0, 10736.0, 10736.0, 10736.0, 4796.00, ...
     5874.00, 6512.00, 7172.00, 7612.00, 8272.00, 10362.0, 11594.0, 12540.0, 13508.0, 14058.0, ...
     9988.00, 9988.00, 9988.00, 4796.00, 6512.00, 7172.00, 7612.00, 8272.00, 10516.0, 11594.0, ...
     12540.0, 5170.00, 6732.00, 7282.00, 7832.00, 8866.00, 9350.00, 9988.00, 10516.0, 11374.0, ...
     12430.0, 14432.0, 8932.00, 8932.00, 8932.00, 8932.00, 8932.00, 4906.00, 5544.00, 6732.00, ...
     7172.00, 7722.00, 10516.0, 11264.0, 11814.0, 13288.0, 14058.0, 9768.00, 9768.00, 9768.00, ...
     9768.00, 9768.00, 9768.00, 9768.00, 9768.00, 9768.00, 9768.00, 9768.00, 9768.00, 8888.00, ...
     9328.00, 10516.0, 11264.0, 11814.0, 13288.0, 14058.0, 7480.00, 7480.00, 7480.00, 7480.00, ...
     7480.00, 7480.00, 7480.00, 7480.00, 7480.00, 7480.00, 7480.00, 7480.00, 7480.00, 7480.00, ...
     7480.00, 7480.00, 7480.00, 7480.00, 7480.00, 7480.00, 7480.00, 7480.00, 7480.00, 7480.00, ...
     7480.00, 7480.00, 7480.00, 7480.00, 10626.0, 14058.0, 8448.00, 8448.00, 10406.0, 11264.0, ...
     11814.0, 13288.0, 14058.0, 9988.00, 4906.00, 5874.00, 8888.00, 5390.00, 4290.00, 7040.00, ...
     8052.00, 11264.0, 11264.0, 11264.0, 11264.0, 11264.0, 11264.0, 11264.0, 11264.0, 11264.0, ...
     11264.0, 11264.0, 11264.0, 11264.0, 11264.0, 11264.0, 11264.0, 11264.0, 11264.0, 11264.0, ...
     11264.0, 11264.0, 11264.0, 11264.0, 11264.0, 11264.0, 12540.0, 14058.0, 4796.00, 5104.00, ...
     5104.00, 5104.00, 5104.00, 5104.00, 5104.00, 5104.00, 5104.00, 5104.00, 11814.0, 13288.0, ...
     14058.0, 4906.00, 5874.00, 7172.00, 7612.00, 8272.00, 8888.00, 11264.0, 13288.0, 14058.0, ...
     4906.00, 5874.00, 8888.00, 7612.00, 7612.00, 7612.00, 7612.00, 7612.00, 7612.00, 7612.00, ...
     7612.00, 7612.00, 7612.00, 7612.00, 7612.00, 9350.00, 9988.00, 10516.0, 12430.0, 14168.0, ...
     4906.00, 9922.00, 10736.0, 10736.0, 10736.0, 10736.0, 10736.0, 10736.0, 10736.0, 10736.0, ...
     10736.0, 10736.0, 10736.0, 10736.0, 10736.0, 10736.0, 11176.0, 14168.0, 4620.00, 4906.00, ...
     14058.0, 4180.00, 7150.00, 10076.0, 12540.0, 14058.0, 10296.0, 11264.0, 13288.0, 5126.00, ...
     4840.00, 9768.00, 12320.0, 14322.0, 4488.00, 5544.00, 11858.0, 4180.00, 5544.00, 7040.00, ...
     8162.00, 13288.0, 11484.0, 11484.0, 11484.0, 7700.00, 8668.00, 10516.0, 9460.00, 5170.00, ...
     6732.00, 7282.00, 7832.00, 12012.0, 13992.0, 14432.0, 6556.00, 5214.00, 4290.00, 5170.00, ...
     9768.00, 10296.0, 12012.0, 13772.0, 14212.0, 13288.0, 5390.00, 12012.0, 5060.00, 12210.0, ...
     14322.0, 4796.00, 5544.00, 7150.00, 8052.00, 13288.0, 9768.00, 10516.0, 12430.0, 14058.0, ...
     5170.00, 6732.00, 7172.00, 7832.00, 8866.00, 5236.00, 13288.0, 5016.00, 5016.00, 5016.00, ...
     5016.00, 5016.00, 5016.00, 5016.00, 12012.0, 5808.00, 10516.0, 12430.0, 14168.0, 4906.00, ...
     5544.00, 6732.00, 7172.00, 7832.00, 8602.00, 9350.00, 12430.0, 14322.0, 4796.00, 5544.00, ...
     6732.00, 12012.0, 11858.0, 5544.00, 7040.00, 8162.00, 7700.00, 9878.00, 10516.0, 12430.0, ...
     14300.0, 4796.00, 5390.00, 6732.00, 7172.00, 12012.0, 13882.0, 14432.0, 10296.0, 10296.0, ...
     5170.00, 5874.00, 6512.00, 7172.00, 7612.00, 8272.00, 8888.00, 11264.0, 11814.0, 13288.0, ...
     14058.0, 8888.00, 8888.00, 8888.00, 8888.00, 8888.00, 8888.00, 8888.00, 8888.00, 8888.00, ...
     8888.00, 8888.00, 8888.00, 8888.00, 8888.00, 8888.00, 8888.00, 8888.00, 8888.00, 8888.00, ...
     8888.00, 8888.00, 9988.00, 9988.00, 9988.00, 12012.0, 6864.00, 4840.00, 12320.0, 14322.0, ...
     4180.00, 4796.00, 5544.00, 9240.00, 9988.00, 8668.00, 9768.00, 10428.0, 5170.00, 5852.00, ...
     5852.00, 5852.00, 12540.0, 13068.0, 13838.0, 14432.0, 14432.0, 14432.0, 14432.0, 14432.0, ...
     14432.0, 14432.0, 9988.00, 12012.0, 9460.00, 4180.00, 4796.00, 5544.00, 6732.00, 7172.00, ...
     12012.0, 13882.0, 14432.0, 5720.00, 4796.00, 5544.00, 6732.00, 12540.0, 12540.0, 12540.0, ...
     12540.0, 12540.0, 12540.0, 12540.0, 12540.0, 12540.0, 12540.0, 12540.0, 12540.0, 12540.0, ...
     12540.0, 12540.0, 12540.0, 12540.0, 12540.0, 12540.0, 12540.0, 12540.0, 12540.0, 12540.0, ...
     12540.0, 12540.0, 12540.0, 12540.0, 12540.0, 12540.0, 12540.0, 12540.0, 12540.0, 12540.0, ...
     12540.0, 12540.0, 6512.00, 7172.00, 7612.00, 9284.00, 11704.0, 12540.0, 12540.0, 9438.00, ...
     11594.0, 13508.0, 14058.0, 9460.00, 5170.00, 6732.00, 7282.00, 7832.00, 8976.00, 4180.00, ...
     5170.00, 7040.00, 7832.00, 8052.00, 8052.00, 8052.00, 8052.00, 8052.00, 8052.00, 8052.00, ...
     8052.00, 10516.0, 14168.0, 13068.0, 13508.0, 14190.0, 7612.00, 4906.00, 5544.00, 6732.00, ...
     7172.00, 10516.0, 14058.0, 14190.0, 13728.0, 13728.0, 13728.0, 13728.0, 13728.0, 13728.0, ...
     13728.0, 13728.0, 13728.0, 11704.0, 14432.0, 14432.0, 14432.0, 14432.0, 14432.0, 14432.0, ...
     14432.0, 14432.0, 14432.0, 13068.0, 7612.00, 7612.00, 7612.00, 7612.00, 7612.00, 5016.00, ...
     5874.00, 7172.00, 9240.00, 11704.0, 11704.0, 11704.0, 11704.0, 11704.0, 11704.0, 11704.0, ...
     11704.0, 11704.0, 11704.0, 11704.0, 11704.0, 11704.0, 13068.0, 13508.0, 7612.00, 4290.00, ...
     14212.0, 9328.00, 4400.00, 14432.0, 4422.00, 13068.0, 7172.00, 7172.00, 7172.00, 7172.00, ...
     7172.00, 7172.00, 7172.00, 7172.00, 7172.00, 7172.00, 7172.00, 7172.00, 13508.0, 13068.0, ...
     13068.0, 13068.0, 13068.0, 13068.0, 13068.0, 13068.0, 13068.0, 13068.0, 13068.0, 13068.0, ...
     13068.0, 13068.0, 13068.0, 13068.0, 11924.0, 11924.0, 11924.0, 11924.0, 11924.0, 11924.0, ...
     11924.0, 11924.0, 11924.0, 4796.00, 5610.00, 9328.00, 10516.0, 11264.0, 11704.0, 4180.00, ...
     5170.00, 7040.00, 7832.00, 8272.00, 8492.00, 8492.00, 9350.00, 10076.0, 10516.0, 12012.0, ...
     14212.0, 6402.00, 9240.00, 10098.0, 12012.0, 14212.0, 7304.00, 12012.0, 13992.0, 14432.0, ...
     6336.00, 6336.00, 13992.0, 14212.0, 5390.00, 6732.00, 7172.00, 4796.00, 5544.00, 7040.00, ...
     9658.00, 12100.0, 6732.00, 5170.00, 6292.00, 7040.00, 7040.00, 7040.00, 7040.00, 7040.00, ...
     7040.00, 7040.00, 7040.00, 7040.00, 7040.00, 7040.00, 7040.00, 7040.00, 13508.0, 5170.00, ...
     12012.0, 12012.0, 12012.0, 12012.0, 12012.0, 12012.0, 12012.0, 12012.0, 12012.0, 12012.0, ...
     12012.0, 12012.0, 12012.0, 12012.0, 12012.0, 12012.0, 12012.0, 12012.0, 10516.0, 14432.0, ...
     14432.0, 14432.0, 13508.0, 14058.0, 8052.00, 5170.00, 6732.00, 5544.00, 4180.00, 10516.0, ...
     13508.0, 8272.00, 8272.00, 4906.00, 5874.00, 10516.0, 4796.00, 5236.00, 5874.00, 11264.0, ...
     13288.0, 14058.0, 11264.0, 13288.0, 14058.0, 4906.00, 5874.00, 4290.00, 5060.00, 7832.00, ...
     4180.00, 5544.00, 5016.00, 5874.00, 10516.0, 11264.0, 13288.0, 14058.0, 6842.00, 7612.00, ...
     13508.0, 6512.00, 6512.00, 6512.00, 6512.00, 5170.00, 6732.00, 9988.00, 10516.0, 4180.00, ...
     5280.00, 8712.00, 9240.00, 9922.00, 10516.0, 4796.00, 5390.00, 6732.00, 7172.00, 5280.00, ...
     8272.00, 9240.00, 10076.0, 4180.00, 5544.00, 10406.0, 11264.0, 13288.0, 14058.0, 9768.00, ...
     10296.0, 13772.0, 14212.0, 4290.00, 5060.00, 8272.00, 9240.00, 10516.0, 14058.0, 7832.00, ...
     8866.00, 7304.00, 13992.0, 14432.0, 11044.0, 13288.0, 14058.0, 13508.0, 14058.0, 7612.00, ...
     7612.00, 7612.00, 7612.00, 7612.00, 7612.00, 7612.00, 7612.00, 5544.00, 14432.0, 10516.0, ...
     14168.0, 13288.0, 14058.0, 9328.00, 9328.00, 9328.00, 9328.00, 9328.00, 9328.00, 9328.00, ...
     9328.00, 4906.00, 5874.00, 4290.00, 11704.0, 10516.0, 11264.0, 14058.0, 10516.0, 4796.00, ...
     10516.0, 11264.0, 13288.0, 14058.0, 5390.00, 13508.0, 10516.0, 11264.0, 13288.0, 14058.0, ...
     4906.00, 5874.00, 11264.0, 13288.0, 14058.0, 5874.00, 5170.00, 6732.00, 13508.0, 11264.0, ...
     13288.0, 9768.00, 11264.0, 13288.0, 14058.0, 6138.00, 4796.00, 5544.00, 9240.00, 12320.0, ...
     14432.0, 4796.00, 5390.00, 6732.00, 7172.00, 14168.0, 14168.0, 14168.0, 14168.0, 14168.0, ...
     14168.0, 14168.0, 14168.0, 14168.0, 14168.0, 14168.0, 14168.0, 14168.0, 9768.00, 11264.0, ...
     13288.0, 6358.00, 4906.00, 5874.00, 9768.00, 9768.00, 12320.0, 12320.0, 13508.0, 5170.00, ...
     6732.00, 10516.0, 6292.00, 4620.00, 5544.00, 5544.00, 5544.00, 5544.00, 5544.00, 5544.00, ...
     5544.00, 5544.00, 5544.00, 5544.00, 10516.0, 11264.0, 13288.0, 10516.0, 14212.0, 4180.00, ...
     4796.00, 6732.00, 14432.0, 8976.00, 13508.0, 6732.00, 5280.00, 11264.0, 13288.0, 6138.00, ...
     14432.0, 14432.0, 14432.0, 14432.0, 10604.0, 4840.00, 6160.00, 9768.00, 6732.00, 6732.00, ...
     6732.00, 6732.00, 6732.00, 6732.00, 5456.00, 5456.00, 4796.00, 4796.00, 6204.00, 6204.00, ...
     6204.00, 4796.00, 4796.00, 4796.00, 4796.00, 4906.00, 5236.00, 4906.00, 5874.00, 10296.0, ...
     11264.0, 13288.0, 6512.00, 11264.0, 11264.0, 11264.0, 11264.0, 11264.0, 11264.0, 11264.0, ...
     11264.0, 11264.0, 6160.00, 9768.00, 10296.0, 13992.0, 13772.0, 13772.0, 13772.0, 14212.0, ...
     9240.00, 13992.0, 9768.00, 10296.0, 14212.0, 4290.00, 5060.00, 7282.00, 7832.00, 14212.0, ...
     5170.00, 4180.00, 5170.00, 4730.00, 13508.0, 10516.0, 13288.0, 5874.00, 14168.0, 14168.0, ...
     14168.0, 14168.0, 14168.0, 14168.0, 14168.0, 14168.0, 13288.0, 13288.0, 13288.0, 13288.0, ...
     13288.0, 13288.0, 13288.0, 13288.0, 13288.0, 13288.0, 13288.0, 13288.0, 4290.00, 10296.0, ...
     10296.0, 13508.0, 8976.00, 9768.00, 9768.00, 9768.00, 8668.00, 5874.00, 10516.0, 10516.0, ...
     5874.00, 5874.00, 10516.0, 4796.00, 4400.00, 5500.00, 6160.00, 9768.00, 6160.00, 9768.00, ...
     10296.0, 4840.00, 9768.00, 5280.00, 10428.0, 8668.00, 5764.00, 7392.00, 5764.00, 4906.00, ...
     4796.00, 4796.00, 8668.00, 8668.00, 7832.00, 9020.00, 4213.00, 10208.0, 5808.00, 9328.00, ...
     5808.00, 9460.00, 14520.0, 14520.0, 13750.0, 12694.0, 11704.0, 12848.0, 14520.0, 14520.0, ...
     9680.00, 4400.00, 4213.00, 14410.0, 9680.00, 4092.00, 4092.00, 14520.0, 14520.0, 9680.00, ...
     10208.0, 9988.00, 9460.00, 9680.00, 8492.00, 9768.00, 9108.00, 4708.00, 10736.0, 7700.00, ...
     10208.0, 9680.00, 10208.0, 11044.0, 9548.00, 4092.00, 4092.00, 4092.00, 11924.0, 14256.0, ...
     4092.00, 4092.00, 9900.00, 4092.00, 4092.00, 9988.00, 14520.0, 14520.0, 14146.0, 4708.00, ...
     4708.00, 4708.00, 4708.00, 4708.00, 5478.00, 4708.00, 4708.00, 4708.00, 5236.00, 5104.00, ...
     5742.00, 5500.00, 9460.00, 9680.00, 9152.00, 14410.0, 10208.0, 14256.0, 13596.0, 7920.00, ...
     7700.00, 9988.00, 9548.00, 13992.0, 10516.0, 10824.0, 9548.00, 10208.0, 4224.00, 4642.00, ...
     4708.00, 4224.00, 4620.00, 4708.00, 4213.00, 4598.00, 4466.00, 5104.00, 4092.00, 4092.00, ...
     4092.00, 4092.00, 8888.00, 9152.00, 9988.00, 5016.00, 5588.00, 4708.00, 4884.00, 4708.00, ...
     4796.00, 4708.00, 4708.00, 4708.00, 4708.00, 4708.00, 4708.00, 4708.00, 4708.00, 5104.00, ...
     5016.00, 5016.00, 4708.00, 4708.00];
rl1304_opt_tour_length = 252948; % Known optimum tour length
