
% --------------------------------------------- rl1889 ---------------------------------------------

% Name: rl1889 ==> 1889-city TSP (Reinelt)
rl1889(1,:) = ... % X-Coordinates
    [1488.00, 1520.00, 1520.00, 1520.00, 1520.00, 5968.00, 5968.00, 5968.00, 5968.00, 5968.00, ...
     6064.00, 6160.00, 6256.00, 6336.00, 6416.00, 6528.00, 6608.00, 6768.00, 6880.00, 6976.00, ...
     7088.00, 7248.00, 7280.00, 7280.00, 7280.00, 7280.00, 4720.00, 4848.00, 5008.00, 5104.00, ...
     17520.0, 17520.0, 17584.0, 17776.0, 17776.0, 17936.0, 17936.0, 17936.0, 18064.0, 18192.0, ...
     18192.0, 18304.0, 18352.0, 18352.0, 18416.0, 18560.0, 18608.0, 18608.0, 18704.0, 18768.0, ...
     880.000, 880.000, 880.000, 880.000, 1008.00, 1040.00, 1040.00, 5040.00, 5040.00, 5072.00, ...
     5168.00, 5264.00, 5360.00, 5456.00, 5456.00, 5456.00, 5456.00, 5456.00, 5456.00, 10544.0, ...
     10720.0, 10848.0, 10928.0, 10928.0, 10928.0, 10928.0, 10928.0, 10928.0, 10928.0, 10976.0, ...
     11056.0, 11168.0, 11344.0, 11632.0, 11840.0, 11984.0, 12160.0, 12368.0, 12576.0, 12816.0, ...
     13120.0, 13456.0, 13648.0, 13760.0, 13888.0, 16496.0, 16496.0, 16496.0, 16496.0, 16496.0, ...
     16560.0, 7632.00, 7632.00, 7632.00, 7632.00, 7632.00, 7632.00, 7728.00, 7728.00, 7728.00, ...
     7728.00, 7728.00, 16208.0, 16208.0, 16208.0, 16208.0, 16208.0, 16208.0, 16208.0, 16272.0, ...
     464.000, 464.000, 464.000, 528.000, 592.000, 592.000, 592.000, 5392.00, 5520.00, 5520.00, ...
     5520.00, 5520.00, 5520.00, 5520.00, 5680.00, 5856.00, 6160.00, 6272.00, 6368.00, 6528.00, ...
     6608.00, 6768.00, 6880.00, 6976.00, 7088.00, 7248.00, 7344.00, 7568.00, 7664.00, 7936.00, ...
     8032.00, 8144.00, 8224.00, 8304.00, 8400.00, 8496.00, 8624.00, 8784.00, 8944.00, 9072.00, ...
     9296.00, 9600.00, 9712.00, 9792.00, 9920.00, 10080.0, 10192.0, 10320.0, 10496.0, 10608.0, ...
     4176.00, 4176.00, 4176.00, 4176.00, 6608.00, 6608.00, 6608.00, 6704.00, 7248.00, 7248.00, ...
     7248.00, 7344.00, 7568.00, 7936.00, 8032.00, 8144.00, 8240.00, 8304.00, 8400.00, 8496.00, ...
     8624.00, 8784.00, 8880.00, 8976.00, 9072.00, 9184.00, 9376.00, 9600.00, 9712.00, 9792.00, ...
     9920.00, 10080.0, 10192.0, 10320.0, 10496.0, 10608.0, 10672.0, 10752.0, 11008.0, 11088.0, ...
     11184.0, 11328.0, 11472.0, 11504.0, 11504.0, 11504.0, 11504.0, 11776.0, 11984.0, 12192.0, ...
     12368.0, 12496.0, 12672.0, 12816.0, 12976.0, 13120.0, 13440.0, 13648.0, 13760.0, 13888.0, ...
     14048.0, 14192.0, 14320.0, 14464.0, 14544.0, 14544.0, 14672.0, 14784.0, 14992.0, 15120.0, ...
     15344.0, 15568.0, 15696.0, 15856.0, 16016.0, 16112.0, 16272.0, 16560.0, 16720.0, 16960.0, ...
     17072.0, 17072.0, 17072.0, 17136.0, 17200.0, 1840.00, 1840.00, 1904.00, 1936.00, 1936.00, ...
     2032.00, 2240.00, 2352.00, 2496.00, 2640.00, 2800.00, 2912.00, 3072.00, 3200.00, 3344.00, ...
     10832.0, 10832.0, 10832.0, 11616.0, 11760.0, 11888.0, 12064.0, 12176.0, 12240.0, 12272.0, ...
     12272.0, 1648.00, 1728.00, 1904.00, 6256.00, 6256.00, 6256.00, 6288.00, 6288.00, 14608.0, ...
     14672.0, 14800.0, 14992.0, 15120.0, 15344.0, 15440.0, 15568.0, 15632.0, 15696.0, 15856.0, ...
     16016.0, 16112.0, 16272.0, 16560.0, 16720.0, 16880.0, 16976.0, 11168.0, 11312.0, 11344.0, ...
     11344.0, 6864.00, 6864.00, 6864.00, 6992.00, 7120.00, 7168.00, 7760.00, 7936.00, 8048.00, ...
     8176.00, 8352.00, 8432.00, 8576.00, 8656.00, 8720.00, 8928.00, 9168.00, 9312.00, 9392.00, ...
     9504.00, 9680.00, 9808.00, 9872.00, 10000.0, 10144.0, 10224.0, 10336.0, 10480.0, 10576.0, ...
     11168.0, 11312.0, 11408.0, 11632.0, 11632.0, 11632.0, 11632.0, 17200.0, 17232.0, 1968.00, ...
     1968.00, 2160.00, 2352.00, 2352.00, 816.000, 816.000, 816.000, 816.000, 4496.00, 4496.00, ...
     4496.00, 4496.00, 4496.00, 7760.00, 7936.00, 8048.00, 8176.00, 8352.00, 8432.00, 8576.00, ...
     8656.00, 8720.00, 8864.00, 10768.0, 16336.0, 16336.0, 16336.0, 16336.0, 16400.0, 6320.00, ...
     1168.00, 1168.00, 1168.00, 1200.00, 1296.00, 1360.00, 1424.00, 1600.00, 1808.00, 2992.00, ...
     6416.00, 6416.00, 6416.00, 8240.00, 8304.00, 8400.00, 8496.00, 8624.00, 8784.00, 8880.00, ...
     8976.00, 9072.00, 9184.00, 9376.00, 9600.00, 9712.00, 9792.00, 9920.00, 10080.0, 10192.0, ...
     10320.0, 10496.0, 10608.0, 10672.0, 11056.0, 16624.0, 16688.0, 16688.0, 15280.0, 15280.0, ...
     15280.0, 15280.0, 15312.0, 15312.0, 15312.0, 15312.0, 3472.00, 3504.00, 3504.00, 208.000, ...
     208.000, 320.000, 656.000, 752.000, 944.000, 1024.00, 1296.00, 1360.00, 1424.00, 1616.00, ...
     2288.00, 2384.00, 2528.00, 2640.00, 2800.00, 2864.00, 2960.00, 3056.00, 3248.00, 3344.00, ...
     3536.00, 3696.00, 3920.00, 4080.00, 4288.00, 4400.00, 4400.00, 8240.00, 8240.00, 8304.00, ...
     8400.00, 8496.00, 8624.00, 8816.00, 8976.00, 9104.00, 9216.00, 9392.00, 9520.00, 9616.00, ...
     9744.00, 9744.00, 9744.00, 9744.00, 9744.00, 9200.00, 9232.00, 9296.00, 9296.00, 9296.00, ...
     6992.00, 6992.00, 6992.00, 11760.0, 11888.0, 12064.0, 12176.0, 12240.0, 12352.0, 12432.0, ...
     12512.0, 12592.0, 12688.0, 12800.0, 12880.0, 12960.0, 13104.0, 13168.0, 13248.0, 13376.0, ...
     13456.0, 13536.0, 13616.0, 13744.0, 13888.0, 14032.0, 14160.0, 14352.0, 14464.0, 14544.0, ...
     14608.0, 14640.0, 14640.0, 10160.0, 10160.0, 10160.0, 10320.0, 10448.0, 12016.0, 12096.0, ...
     12208.0, 12352.0, 12512.0, 12656.0, 12800.0, 12880.0, 12960.0, 13088.0, 13360.0, 13456.0, ...
     13536.0, 13616.0, 13744.0, 13888.0, 14000.0, 14064.0, 14176.0, 14416.0, 14688.0, 14736.0, ...
     13440.0, 13808.0, 13808.0, 13808.0, 3760.00, 3760.00, 3760.00, 3760.00, 3760.00, 3760.00, ...
     4688.00, 4752.00, 4816.00, 4816.00, 4816.00, 8848.00, 8848.00, 8848.00, 8944.00, 8976.00, ...
     9808.00, 9808.00, 9808.00, 7120.00, 7120.00, 7120.00, 7152.00, 4016.00, 4016.00, 4016.00, ...
     4016.00, 4080.00, 4080.00, 10032.0, 10032.0, 10032.0, 10112.0, 10192.0, 10320.0, 11856.0, ...
     5264.00, 5552.00, 5680.00, 5744.00, 5776.00, 5776.00, 5776.00, 6512.00, 6512.00, 6512.00, ...
     6576.00, 6576.00, 1328.00, 1392.00, 2624.00, 2800.00, 2912.00, 3184.00, 3376.00, 3568.00, ...
     3664.00, 3920.00, 8784.00, 9072.00, 9600.00, 9712.00, 9920.00, 10192.0, 10256.0, 11200.0, ...
     11856.0, 12064.0, 12176.0, 12384.0, 12512.0, 12592.0, 12672.0, 12800.0, 12880.0, 12960.0, ...
     13104.0, 13168.0, 13248.0, 13376.0, 13456.0, 13536.0, 13888.0, 14032.0, 14160.0, 14368.0, ...
     14544.0, 14880.0, 15008.0, 15440.0, 15632.0, 15744.0, 15824.0, 15920.0, 16080.0, 16160.0, ...
     16336.0, 16560.0, 17520.0, 17616.0, 8368.00, 8368.00, 8368.00, 8368.00, 8464.00, 8464.00, ...
     4240.00, 8048.00, 8048.00, 8048.00, 8144.00, 8176.00, 8176.00, 8176.00, 8176.00, 1616.00, ...
     9504.00, 9584.00, 4816.00, 4816.00, 4912.00, 5232.00, 5232.00, 5232.00, 5232.00, 5232.00, ...
     9328.00, 9376.00, 8912.00, 9008.00, 5552.00, 5552.00, 5584.00, 5648.00, 5648.00, 5648.00, ...
     5648.00, 9968.00, 9968.00, 10000.0, 10000.0, 10000.0, 5584.00, 5584.00, 5584.00, 5680.00, ...
     5680.00, 5856.00, 7312.00, 7424.00, 7568.00, 7792.00, 7920.00, 8624.00, 8624.00, 7424.00, ...
     7760.00, 8048.00, 8432.00, 8528.00, 7952.00, 7952.00, 8560.00, 8560.00, 8656.00, 6992.00, ...
     17968.0, 8656.00, 8720.00, 9104.00, 18256.0, 18256.0, 18288.0, 18064.0, 9072.00, 9072.00, ...
     9392.00, 8976.00, 10096.0, 14208.0, 14320.0, 14864.0, 14864.0, 14864.0, 7664.00, 18144.0, ...
     9504.00, 9808.00, 14352.0, 14464.0, 14544.0, 15008.0, 15440.0, 15680.0, 15824.0, 15824.0, ...
     15824.0, 15824.0, 15824.0, 15824.0, 15824.0, 1040.00, 1040.00, 1040.00, 1104.00, 1168.00, ...
     1200.00, 1200.00, 5872.00, 5936.00, 5936.00, 10480.0, 10480.0, 10480.0, 14256.0, 14256.0, ...
     14256.0, 14256.0, 14256.0, 14320.0, 14416.0, 14496.0, 14768.0, 14944.0, 15040.0, 15120.0, ...
     15248.0, 15568.0, 16016.0, 16112.0, 16272.0, 16560.0, 16736.0, 16848.0, 16848.0, 8400.00, ...
     8400.00, 8432.00, 11920.0, 10352.0, 10352.0, 10352.0, 10352.0, 12624.0, 12624.0, 12624.0, ...
     12688.0, 5008.00, 5008.00, 5008.00, 11168.0, 11360.0, 11984.0, 12176.0, 12352.0, 12496.0, ...
     12816.0, 12816.0, 12816.0, 13136.0, 13136.0, 13136.0, 13136.0, 13168.0, 13248.0, 13376.0, ...
     13456.0, 13536.0, 13616.0, 13888.0, 14000.0, 9712.00, 11376.0, 7568.00, 7568.00, 7568.00, ...
     7872.00, 8048.00, 8112.00, 8720.00, 9504.00, 9872.00, 10224.0, 18768.0, 18768.0, 18912.0, ...
     19024.0, 12496.0, 7984.00, 8784.00, 5104.00, 5168.00, 12016.0, 12464.0, 12464.0, 12464.0, ...
     11184.0, 11056.0, 656.000, 720.000, 720.000, 720.000, 15760.0, 15760.0, 12096.0, 12240.0, ...
     7312.00, 7312.00, 7312.00, 13888.0, 14320.0, 14416.0, 14832.0, 14832.0, 2928.00, 2928.00, ...
     2992.00, 3120.00, 3216.00, 5136.00, 1424.00, 848.000, 848.000, 6768.00, 6768.00, 6768.00, ...
     6832.00, 18832.0, 18928.0, 11984.0, 13456.0, 13648.0, 13760.0, 13888.0, 14032.0, 14064.0, ...
     1808.00, 6160.00, 6160.00, 6160.00, 6192.00, 6192.00, 7760.00, 7440.00, 7440.00, 12368.0, ...
     12368.0, 12592.0, 15920.0, 15920.0, 12240.0, 12336.0, 14416.0, 14416.0, 17584.0, 12432.0, ...
     17776.0, 14320.0, 14320.0, 16624.0, 16624.0, 16624.0, 13264.0, 17648.0, 18416.0, 18416.0, ...
     18416.0, 944.000, 944.000, 1104.00, 1104.00, 14320.0, 14320.0, 14320.0, 18832.0, 14800.0, ...
     12880.0, 12880.0, 12880.0, 17392.0, 17424.0, 15120.0, 15120.0, 15120.0, 15120.0, 12176.0, ...
     15008.0, 15440.0, 8048.00, 8144.00, 8144.00, 13264.0, 13776.0, 13776.0, 14032.0, 15184.0, ...
     11984.0, 8304.00, 8304.00, 12784.0, 12784.0, 18704.0, 18704.0, 12960.0, 13440.0, 13616.0, ...
     13616.0, 3920.00, 4624.00, 4752.00, 4752.00, 4752.00, 3632.00, 3920.00, 4176.00, 4624.00, ...
     4656.00, 4368.00, 4432.00, 8720.00, 8720.00, 13680.0, 13680.0, 16080.0, 16144.0, 16144.0, ...
     13840.0, 13840.0, 15440.0, 15440.0, 15056.0, 15056.0, 15056.0, 4176.00, 14928.0, 14928.0, ...
     16272.0, 16272.0, 16272.0, 17328.0, 13552.0, 6352.00, 6352.00, 16464.0, 5168.00, 5744.00, ...
     13168.0, 7792.00, 18864.0, 12976.0, 12976.0, 12976.0, 16016.0, 5376.00, 15632.0, 16016.0, ...
     16080.0, 5840.00, 5840.00, 5840.00, 5840.00, 5936.00, 528.000, 528.000, 2256.00, 4688.00, ...
     13456.0, 15248.0, 15248.0, 15568.0, 15696.0, 2032.00, 15376.0, 15568.0, 13360.0, 5104.00, ...
     5168.00, 5104.00, 5168.00, 6064.00, 9712.00, 16016.0, 16016.0, 5360.00, 13104.0, 13888.0, ...
     14000.0, 5776.00, 18608.0, 6064.00, 8656.00, 3920.00, 6064.00, 6064.00, 6064.00, 17136.0, ...
     5104.00, 5168.00, 1296.00, 1360.00, 2544.00, 2640.00, 2640.00, 2128.00, 2448.00, 3184.00, ...
     3664.00, 15568.0, 11536.0, 3920.00, 3920.00, 3024.00, 10224.0, 2784.00, 2832.00, 2832.00, ...
     2000.00, 1296.00, 1392.00, 12944.0, 18128.0, 18544.0, 1488.00, 1504.00, 1520.00, 1520.00, ...
     6688.00, 7280.00, 17520.0, 17776.0, 18192.0, 18352.0, 18352.0, 18608.0, 18768.0, 18768.0, ...
     880.000, 880.000, 932.000, 1040.00, 5040.00, 5456.00, 10928.0, 12928.0, 13312.0, 10928.0, ...
     16496.0, 16560.0, 7632.00, 16208.0, 16208.0, 16240.0, 464.000, 592.000, 5392.00, 5520.00, ...
     6688.00, 7472.00, 4176.00, 6656.00, 6704.00, 6704.00, 7195.00, 7472.00, 7648.00, 12896.0, ...
     13312.0, 13536.0, 14596.0, 15216.0, 15472.0, 14544.0, 17072.0, 17072.0, 17072.0, 17072.0, ...
     1840.00, 1840.00, 1936.00, 3440.00, 3440.00, 10832.0, 10832.0, 1648.00, 1904.00, 1904.00, ...
     6272.00, 6288.00, 15216.0, 16912.0, 16912.0, 16912.0, 16976.0, 10896.0, 8256.00, 7120.00, ...
     7120.00, 12896.0, 13312.0, 13536.0, 14603.0, 17200.0, 17264.0, 1968.00, 2352.00, 816.000, ...
     816.000, 955.000, 1008.00, 4496.00, 4496.00, 4624.00, 7216.00, 8256.00, 7216.00, 10768.0, ...
     10864.0, 16336.0, 16400.0, 6304.00, 6320.00, 1168.00, 1168.00, 1456.00, 6400.00, 6416.00, ...
     6416.00, 6688.00, 7472.00, 7648.00, 16624.0, 16688.0, 15280.0, 15296.0, 15312.0, 3472.00, ...
     3488.00, 3504.00, 208.000, 368.000, 368.000, 384.000, 2720.00, 3136.00, 3440.00, 3840.00, ...
     4000.00, 3440.00, 4400.00, 9744.00, 9200.00, 7008.00, 7039.00, 7056.00, 7056.00, 10800.0, ...
     10800.0, 14640.0, 10160.0, 10160.0, 14592.0, 14736.0, 14736.0, 10960.0, 13328.0, 13536.0, ...
     13808.0, 3760.00, 3760.00, 4560.00, 4816.00, 8848.00, 9648.00, 7184.00, 4016.00, 4048.00, ...
     4080.00, 5264.00, 15216.0, 6576.00, 3216.00, 3216.00, 3536.00, 3536.00, 3840.00, 6688.00, ...
     7472.00, 13840.0, 15136.0, 15520.0, 16368.0, 16368.0, 17936.0, 4240.00, 4240.00, 1456.00, ...
     1616.00, 1616.00, 1616.00, 9136.00, 9408.00, 4816.00, 5232.00, 9328.00, 8912.00, 5552.00, ...
     5648.00, 9984.00, 10000.0, 10000.0, 5584.00, 5584.00, 5680.00, 6688.00, 8224.00, 7344.00, ...
     8256.00, 7312.00, 7520.00, 8560.00, 6992.00, 17712.0, 17968.0, 8592.00, 18256.0, 18272.0, ...
     18288.0, 18288.0, 9232.00, 18064.0, 18064.0, 18128.0, 18128.0, 8880.00, 9168.00, 9392.00, ...
     8976.00, 9008.00, 9296.00, 13328.0, 13536.0, 14592.0, 14864.0, 14864.0, 7664.00, 18096.0, ...
     18096.0, 18192.0, 1200.00, 1200.00, 1584.00, 18160.0, 18160.0, 18224.0, 9808.00, 15136.0, ...
     15520.0, 15824.0, 15824.0, 15856.0, 1040.00, 1040.00, 1200.00, 5872.00, 5904.00, 10480.0, ...
     13328.0, 13536.0, 14608.0, 15472.0, 16784.0, 16848.0, 8416.00, 8432.00, 10352.0, 10400.0, ...
     5008.00, 5040.00, 5072.00, 17680.0, 17904.0, 3280.00, 3296.00, 3312.00, 9904.00, 11952.0, ...
     7584.00, 7600.00, 7600.00, 10768.0, 18768.0, 19024.0, 19024.0, 8224.00, 9552.00, 6688.00, ...
     7472.00, 7648.00, 12411.0, 6688.00, 7472.00, 10384.0, 656.000, 720.000, 15760.0, 15760.0, ...
     15792.0, 7200.00, 7472.00, 12443.0, 176.000, 336.000, 6688.00, 7472.00, 7648.00, 10992.0, ...
     6688.00, 7472.00, 7648.00, 7344.00, 7376.00, 3728.00, 3728.00, 13328.0, 13536.0, 13744.0, ...
     14592.0, 10448.0, 2928.00, 3408.00, 4976.00, 4976.00, 5168.00, 1424.00, 1424.00, 1648.00, ...
     10112.0, 10128.0, 10128.0, 688.000, 848.000, 848.000, 15728.0, 15984.0, 9936.00, 9936.00, ...
     6800.00, 6832.00, 10064.0, 10064.0, 5264.00, 5296.00, 5328.00, 4896.00, 4912.00, 4912.00, ...
     9712.00, 18800.0, 18800.0, 19152.0, 19152.0, 12928.0, 13312.0, 14064.0, 1488.00, 1808.00, ...
     1808.00, 4528.00, 4528.00, 6176.00, 6192.00, 7760.00, 8816.00, 6608.00, 9104.00, 7024.00, ...
     7024.00, 9680.00, 7408.00, 7440.00, 10736.0, 10736.0, 15888.0, 15904.0, 15920.0, 12288.0, ...
     12336.0, 17520.0, 17616.0, 17584.0, 17648.0, 624.000, 1776.00, 1776.00, 17840.0, 14128.0, ...
     16656.0, 18000.0, 16560.0, 16592.0, 16624.0, 13264.0, 10032.0, 10032.0, 17616.0, 18363.0, ...
     18416.0, 18416.0, 944.000, 1104.00, 1104.00, 12928.0, 13312.0, 17648.0, 18832.0, 18832.0, ...
     14768.0, 14832.0, 12880.0, 7376.00, 7408.00, 17408.0, 17424.0, 17424.0, 10512.0, 15120.0, ...
     15172.0, 15312.0, 16496.0, 16496.0, 17872.0, 7152.00, 18032.0, 18032.0, 15136.0, 15520.0, ...
     15664.0, 17296.0, 17296.0, 16528.0, 17328.0, 8096.00, 13332.0, 13776.0, 9520.00, 9536.00, ...
     11984.0, 8320.00, 12068.0, 12784.0, 18704.0, 18704.0, 18864.0, 13328.0, 13547.0, 13616.0, ...
     17808.0, 3840.00, 4752.00, 4752.00, 3840.00, 4624.00, 4624.00, 4080.00, 4848.00, 1712.00, ...
     1712.00, 1840.00, 8720.00, 13584.0, 13680.0, 15248.0, 15472.0, 16080.0, 16144.0, 14160.0, ...
     17040.0, 17040.0, 17104.0, 15344.0, 15440.0, 15440.0, 15056.0, 15344.0, 4176.00, 4192.00, ...
     4208.00, 18224.0, 18320.0, 18320.0, 14992.0, 14992.0, 16272.0, 16304.0, 16336.0, 9488.00, ...
     16944.0, 16944.0, 16944.0, 17072.0, 17072.0, 17488.0, 13504.0, 13552.0, 14704.0, 15024.0, ...
     10320.0, 10576.0, 6368.00, 6384.00, 6384.00, 13312.0, 13536.0, 14624.0, 16368.0, 16464.0, ...
     4368.00, 5744.00, 13168.0, 16720.0, 17136.0, 18864.0, 18864.0, 19056.0, 12907.0, 12976.0, ...
     13312.0, 15952.0, 17456.0, 5296.00, 6688.00, 8224.00, 15600.0, 16752.0, 5936.00, 528.000, ...
     2256.00, 5968.00, 4688.00, 5488.00, 13456.0, 14928.0, 14944.0, 14960.0, 4432.00, 5520.00, ...
     15248.0, 15472.0, 16464.0, 1776.00, 2064.00, 2064.00, 14896.0, 14896.0, 15792.0, 14560.0, ...
     13360.0, 13392.0, 4560.00, 6688.00, 8224.00, 9968.00, 9968.00, 5040.00, 6688.00, 7472.00, ...
     7648.00, 15136.0, 15520.0, 16016.0, 16016.0, 16032.0, 16048.0, 4928.00, 4944.00, 4944.00, ...
     14592.0, 15856.0, 5328.00, 5344.00, 5360.00, 12368.0, 14032.0, 15216.0, 5760.00, 5776.00, ...
     9040.00, 4848.00, 4864.00, 4880.00, 18576.0, 18576.0, 18592.0, 18608.0, 16816.0, 16816.0, ...
     16880.0, 2864.00, 2880.00, 2896.00, 18928.0, 18928.0, 18992.0, 18992.0, 6496.00, 8256.00, ...
     9403.00, 9456.00, 15696.0, 15696.0, 16880.0, 16880.0, 16911.0, 16944.0, 16944.0, 3216.00, ...
     3840.00, 6352.00, 13904.0, 6116.00, 6496.00, 8256.00, 9819.00, 9872.00, 17104.0, 17168.0, ...
     17168.0, 17232.0, 4656.00, 6688.00, 6688.00, 8224.00, 10288.0, 17744.0, 9616.00, 17232.0, ...
     17328.0, 18896.0, 18896.0, 19088.0, 19088.0, 304.000, 372.000, 2455.00, 2512.00, 2512.00, ...
     2640.00, 5680.00, 6688.00, 7472.00, 7648.00, 10704.0, 10704.0, 4304.00, 4304.00, 2128.00, ...
     2448.00, 3184.00, 3568.00, 3664.00, 5424.00, 6688.00, 7648.00, 15568.0, 15600.0, 15632.0, ...
     16112.0, 16176.0, 5392.00, 6688.00, 8224.00, 4592.00, 4656.00, 3920.00, 3920.00, 14192.0, ...
     2384.00, 2432.00, 2480.00, 2928.00, 3024.00, 5168.00, 6496.00, 8256.00, 9824.00, 2544.00, ...
     2832.00, 1808.00, 2000.00, 2000.00, 2000.00, 2192.00, 2192.00, 11264.0, 8656.00, 1008.00, ...
     1008.00, 1168.00, 1296.00, 1296.00, 1392.00, 1360.00, 1360.00, 1552.00, 2032.00, 2224.00, ...
     592.000, 752.000, 1744.00, 1744.00, 2032.00, 4336.00, 5104.00, 2096.00, 2288.00, 3056.00, ...
     3088.00, 3120.00, 3248.00, 3840.00, 3995.00, 4048.00, 3472.00, 3840.00, 4272.00, 4272.00, ...
     4368.00, 17552.0, 18416.0, 2544.00, 2960.00, 12896.0, 13232.0, 13360.0, 12752.0, 13008.0, ...
     8256.00, 2992.00, 3056.00, 2640.00, 2720.00, 2800.00, 2800.00, 17136.0, 17264.0, 16784.0, ...
     17008.0, 17008.0, 3088.00, 3344.00, 2288.00, 2715.00, 2768.00, 3344.00, 3696.00, 1936.00, ...
     2459.00, 2512.00, 16432.0, 16976.0, 16976.0, 16080.0, 16720.0, 3376.00, 3840.00, 4048.00, ...
     3632.00, 3632.00, 3840.00, 15728.0, 16688.0, 15376.0, 15376.0, 16432.0, 13392.0, 12816.0, ...
     13328.0, 13552.0, 13104.0, 13312.0, 13536.0, 12800.0, 13328.0, 13547.0, 13232.0, 13316.0, ...
     13536.0, 13328.0, 13536.0, 13520.0, 14592.0, 12944.0, 13312.0, 13536.0, 15024.0, 15024.0, ...
     15472.0, 16400.0, 17552.0, 18992.0, 14672.0, 16144.0, 14592.0, 14880.0, 15920.0, 400.000, ...
     485.000, 928.000, 1296.00, 400.000, 432.000, 500.000, 928.000, 2672.00, 14592.0, 14880.0, ...
     15952.0, 13872.0, 14592.0, 15376.0, 15392.0, 12896.0, 13312.0, 10224.0, 10224.0, 17712.0, ...
     18128.0, 18128.0, 17360.0, 17360.0, 18160.0, 18491.0, 18544.0, 18544.0, 18544.0, 13968.0, ...
     14000.0, 18096.0, 18688.0, 18960.0, 18960.0, 13712.0, 2160.00, 3600.00, 17392.0];
rl1889(2,:) = ... % Y-Coordinates
    [14146.0, 4180.00, 8404.00, 9262.00, 11792.0, 4620.00, 6490.00, 7040.00, 7480.00, 8448.00, ...
     9108.00, 9108.00, 9108.00, 9108.00, 9108.00, 9108.00, 9108.00, 9108.00, 9108.00, 9108.00, ...
     9108.00, 9108.00, 9636.00, 10956.0, 12188.0, 12628.0, 4180.00, 4400.00, 4400.00, 4400.00, ...
     5126.00, 7392.00, 7920.00, 9526.00, 14234.0, 5016.00, 5940.00, 6710.00, 7920.00, 8690.00, ...
     14234.0, 7920.00, 4180.00, 5852.00, 7920.00, 7920.00, 8580.00, 14234.0, 7920.00, 5962.00, ...
     4180.00, 8404.00, 9152.00, 11968.0, 12188.0, 14036.0, 14476.0, 10472.0, 14278.0, 9504.00, ...
     9504.00, 9504.00, 9504.00, 4290.00, 4840.00, 6600.00, 7040.00, 7480.00, 8646.00, 14476.0, ...
     14256.0, 14256.0, 4400.00, 6050.00, 7964.00, 9328.00, 10384.0, 11110.0, 12188.0, 14036.0, ...
     14036.0, 14036.0, 14036.0, 14036.0, 14036.0, 14036.0, 14036.0, 14036.0, 14036.0, 14036.0, ...
     14036.0, 14036.0, 14036.0, 14036.0, 14036.0, 8888.00, 9636.00, 10406.0, 12848.0, 14036.0, ...
     7502.00, 9416.00, 9944.00, 10956.0, 12188.0, 12628.0, 14476.0, 4840.00, 5940.00, 6490.00, ...
     7260.00, 8448.00, 7612.00, 8360.00, 8888.00, 9328.00, 10626.0, 12848.0, 14036.0, 4180.00, ...
     4400.00, 8404.00, 8932.00, 9152.00, 9372.00, 14036.0, 14476.0, 10626.0, 4290.00, 4840.00, ...
     6600.00, 7040.00, 7480.00, 8228.00, 4620.00, 4620.00, 4620.00, 4620.00, 4620.00, 4620.00, ...
     4620.00, 4620.00, 4620.00, 4620.00, 4620.00, 4620.00, 4620.00, 4620.00, 4290.00, 4620.00, ...
     4620.00, 4620.00, 4620.00, 4620.00, 4620.00, 4620.00, 4620.00, 4620.00, 4620.00, 4620.00, ...
     4620.00, 4620.00, 4620.00, 4620.00, 4620.00, 4620.00, 4620.00, 4620.00, 4620.00, 4620.00, ...
     4180.00, 4620.00, 5148.00, 8536.00, 6490.00, 7040.00, 7480.00, 10956.0, 6490.00, 7040.00, ...
     7480.00, 5940.00, 5940.00, 5940.00, 5940.00, 5940.00, 5940.00, 5940.00, 5940.00, 5940.00, ...
     5940.00, 5940.00, 5940.00, 5940.00, 5940.00, 5940.00, 5940.00, 5940.00, 5940.00, 5940.00, ...
     5940.00, 5940.00, 5940.00, 5940.00, 5940.00, 5940.00, 5940.00, 5940.00, 5940.00, 5940.00, ...
     5940.00, 5940.00, 5940.00, 4400.00, 8294.00, 10956.0, 12078.0, 12408.0, 12408.0, 12408.0, ...
     12408.0, 12408.0, 12408.0, 12408.0, 12408.0, 12408.0, 12408.0, 12408.0, 12408.0, 12408.0, ...
     12408.0, 12408.0, 12408.0, 12408.0, 13068.0, 14146.0, 12848.0, 12848.0, 12848.0, 12848.0, ...
     12848.0, 12848.0, 12848.0, 12848.0, 12848.0, 12848.0, 12848.0, 12848.0, 12848.0, 12848.0, ...
     7502.00, 8470.00, 9416.00, 5104.00, 4180.00, 4400.00, 8888.00, 11132.0, 11660.0, 14146.0, ...
     13596.0, 13596.0, 13596.0, 13596.0, 13596.0, 13596.0, 13596.0, 13596.0, 13596.0, 13596.0, ...
     8184.00, 11110.0, 12298.0, 5720.00, 5720.00, 5720.00, 5720.00, 5720.00, 5720.00, 4180.00, ...
     4620.00, 8404.00, 8624.00, 9152.00, 6490.00, 7040.00, 7480.00, 10252.0, 10956.0, 14036.0, ...
     14036.0, 14036.0, 14036.0, 14036.0, 14036.0, 14036.0, 14036.0, 14036.0, 14036.0, 14036.0, ...
     14036.0, 14036.0, 14036.0, 14036.0, 14036.0, 14036.0, 4796.00, 10384.0, 10384.0, 4400.00, ...
     8184.00, 6490.00, 7040.00, 7480.00, 10384.0, 10956.0, 12188.0, 12188.0, 12188.0, 12188.0, ...
     12188.0, 12188.0, 12188.0, 12188.0, 12188.0, 12188.0, 12188.0, 12188.0, 12188.0, 12188.0, ...
     12188.0, 12188.0, 12188.0, 12188.0, 12188.0, 12188.0, 12188.0, 12188.0, 12188.0, 12188.0, ...
     12188.0, 12188.0, 12188.0, 4620.00, 6380.00, 7744.00, 11660.0, 8360.00, 7612.00, 4400.00, ...
     8888.00, 9592.00, 10032.0, 10472.0, 4180.00, 8404.00, 9152.00, 9812.00, 4180.00, 4730.00, ...
     8800.00, 10362.0, 14168.0, 12628.0, 12628.0, 12628.0, 12628.0, 12628.0, 12628.0, 12628.0, ...
     12628.0, 12628.0, 12628.0, 5500.00, 8360.00, 8888.00, 9328.00, 10626.0, 7612.00, 7480.00, ...
     4180.00, 8404.00, 9152.00, 11352.0, 11352.0, 11352.0, 11352.0, 13816.0, 13816.0, 14256.0, ...
     6490.00, 7040.00, 7480.00, 5500.00, 5500.00, 5500.00, 5500.00, 5500.00, 5500.00, 5500.00, ...
     5500.00, 5500.00, 5500.00, 5500.00, 5500.00, 5500.00, 5500.00, 5500.00, 5500.00, 5500.00, ...
     5500.00, 5500.00, 5500.00, 5500.00, 4400.00, 10406.0, 7502.00, 8206.00, 4180.00, 5016.00, ...
     6930.00, 8778.00, 9746.00, 10296.0, 10846.0, 14476.0, 9372.00, 10472.0, 14388.0, 4400.00, ...
     9042.00, 9372.00, 8932.00, 8932.00, 8932.00, 8932.00, 8932.00, 8932.00, 8932.00, 8932.00, ...
     8932.00, 8932.00, 8932.00, 8932.00, 8932.00, 8932.00, 8932.00, 8932.00, 8932.00, 8932.00, ...
     9592.00, 9592.00, 9592.00, 9592.00, 9592.00, 10362.0, 14168.0, 6490.00, 7040.00, 7788.00, ...
     7788.00, 7788.00, 7788.00, 7788.00, 7788.00, 7788.00, 7788.00, 7788.00, 7788.00, 7788.00, ...
     8668.00, 9768.00, 11110.0, 11660.0, 14476.0, 14476.0, 7260.00, 4180.00, 6490.00, 7040.00, ...
     6490.00, 7040.00, 7480.00, 6380.00, 6380.00, 6380.00, 6380.00, 6380.00, 6380.00, 6380.00, ...
     6380.00, 6380.00, 6380.00, 6380.00, 6380.00, 6380.00, 6380.00, 6380.00, 6380.00, 6380.00, ...
     6380.00, 6380.00, 6380.00, 6380.00, 6380.00, 6380.00, 6380.00, 6380.00, 6380.00, 6380.00, ...
     6380.00, 4180.00, 5016.00, 8668.00, 11000.0, 14476.0, 7920.00, 7920.00, 7920.00, 7920.00, ...
     7920.00, 7920.00, 7920.00, 7920.00, 7920.00, 7920.00, 7920.00, 7920.00, 7920.00, 7920.00, ...
     7920.00, 7920.00, 7920.00, 7920.00, 7920.00, 7920.00, 7920.00, 7920.00, 7920.00, 6600.00, ...
     9108.00, 4290.00, 4840.00, 7150.00, 4180.00, 4620.00, 5148.00, 9152.00, 10142.0, 14278.0, ...
     8316.00, 8316.00, 4840.00, 7480.00, 8008.00, 7040.00, 10252.0, 14476.0, 6820.00, 4180.00, ...
     4180.00, 6490.00, 7150.00, 6490.00, 7040.00, 7480.00, 10076.0, 4180.00, 4620.00, 5148.00, ...
     9152.00, 10252.0, 14278.0, 4180.00, 6490.00, 7150.00, 7480.00, 7480.00, 7480.00, 13288.0, ...
     10626.0, 9284.00, 9284.00, 9284.00, 6490.00, 7040.00, 7480.00, 6490.00, 7040.00, 7480.00, ...
     9636.00, 10956.0, 14476.0, 14256.0, 14256.0, 14256.0, 14256.0, 14256.0, 10692.0, 4180.00, ...
     4180.00, 4180.00, 4180.00, 4180.00, 4180.00, 4180.00, 4180.00, 4180.00, 4180.00, 4180.00, ...
     4180.00, 4180.00, 4180.00, 4180.00, 4180.00, 4180.00, 4180.00, 4180.00, 4180.00, 4180.00, ...
     4180.00, 4180.00, 4180.00, 4180.00, 4180.00, 4180.00, 4180.00, 4180.00, 4180.00, 4180.00, ...
     4180.00, 4180.00, 4180.00, 4180.00, 4180.00, 4180.00, 4180.00, 4180.00, 4180.00, 4180.00, ...
     4180.00, 9636.00, 9636.00, 9636.00, 9944.00, 10956.0, 13816.0, 14476.0, 6490.00, 7040.00, ...
     14278.0, 6490.00, 7040.00, 8558.00, 9328.00, 9944.00, 10956.0, 13926.0, 14476.0, 11792.0, ...
     10472.0, 6490.00, 10472.0, 14168.0, 9284.00, 4840.00, 6600.00, 7480.00, 8008.00, 9064.00, ...
     14476.0, 9636.00, 9636.00, 7150.00, 10362.0, 11000.0, 8668.00, 6600.00, 7040.00, 7480.00, ...
     8228.00, 6490.00, 7150.00, 8778.00, 11000.0, 14476.0, 6600.00, 7040.00, 7480.00, 10362.0, ...
     11000.0, 8668.00, 8668.00, 8668.00, 8668.00, 8668.00, 8668.00, 6490.00, 7040.00, 9944.00, ...
     9944.00, 9944.00, 9944.00, 9944.00, 6490.00, 7040.00, 10956.0, 14366.0, 8998.00, 11748.0, ...
     9416.00, 10252.0, 10252.0, 10252.0, 4180.00, 5852.00, 14234.0, 5632.00, 6490.00, 7150.00, ...
     14476.0, 14476.0, 8668.00, 8668.00, 8668.00, 5016.00, 6710.00, 8448.00, 7480.00, 6292.00, ...
     11660.0, 14476.0, 5016.00, 5016.00, 5016.00, 5016.00, 5016.00, 5016.00, 6600.00, 7612.00, ...
     8448.00, 9108.00, 9856.00, 10626.0, 14476.0, 4180.00, 8404.00, 11660.0, 11880.0, 11880.0, ...
     14036.0, 14476.0, 10890.0, 9416.00, 10252.0, 9218.00, 9856.00, 11000.0, 9482.00, 10912.0, ...
     11660.0, 13442.0, 14366.0, 10296.0, 10296.0, 10296.0, 10296.0, 10296.0, 10296.0, 10296.0, ...
     10296.0, 10296.0, 10296.0, 10296.0, 10296.0, 10296.0, 10296.0, 4180.00, 7392.00, 6490.00, ...
     7040.00, 10956.0, 4620.00, 9218.00, 9856.00, 11000.0, 14476.0, 10582.0, 11220.0, 11660.0, ...
     4840.00, 4840.00, 7480.00, 8008.00, 11220.0, 11220.0, 11220.0, 11220.0, 11220.0, 11220.0, ...
     11660.0, 13222.0, 14476.0, 7260.00, 10318.0, 11396.0, 13222.0, 7040.00, 7040.00, 7040.00, ...
     7040.00, 7040.00, 7040.00, 7040.00, 7040.00, 7260.00, 12848.0, 6490.00, 7040.00, 7480.00, ...
     14476.0, 14476.0, 14476.0, 14476.0, 14476.0, 14476.0, 14476.0, 8580.00, 14234.0, 8360.00, ...
     6512.00, 4840.00, 10956.0, 6490.00, 4840.00, 4840.00, 4620.00, 9988.00, 10472.0, 11660.0, ...
     12848.0, 12848.0, 4180.00, 9812.00, 14036.0, 14476.0, 6600.00, 7612.00, 7128.00, 10472.0, ...
     6490.00, 7040.00, 7480.00, 9328.00, 9328.00, 9328.00, 11044.0, 11660.0, 9812.00, 10472.0, ...
     9592.00, 9592.00, 9592.00, 14388.0, 8404.00, 14036.0, 14476.0, 6490.00, 7040.00, 7480.00, ...
     10956.0, 6512.00, 6512.00, 13596.0, 13596.0, 13596.0, 13596.0, 13596.0, 13596.0, 11286.0, ...
     11550.0, 6490.00, 7040.00, 7480.00, 10252.0, 10956.0, 10956.0, 7040.00, 7480.00, 10472.0, ...
     11660.0, 4840.00, 6600.00, 7612.00, 11660.0, 4620.00, 10912.0, 11660.0, 14234.0, 4840.00, ...
     6094.00, 13816.0, 14366.0, 7502.00, 8206.00, 9042.00, 4840.00, 8800.00, 4180.00, 5852.00, ...
     8580.00, 4180.00, 8404.00, 14036.0, 14476.0, 10912.0, 11660.0, 13068.0, 5962.00, 7040.00, ...
     4840.00, 10318.0, 11660.0, 4290.00, 5126.00, 7260.00, 8778.00, 9746.00, 10736.0, 4620.00, ...
     6820.00, 6820.00, 10956.0, 6490.00, 7040.00, 14476.0, 10208.0, 11286.0, 14256.0, 14476.0, ...
     11660.0, 6490.00, 7040.00, 4840.00, 10098.0, 8580.00, 14234.0, 10252.0, 10252.0, 4840.00, ...
     9944.00, 4620.00, 4620.00, 7480.00, 10472.0, 14168.0, 14168.0, 14168.0, 14168.0, 10362.0, ...
     14168.0, 8536.00, 8536.00, 9636.00, 10956.0, 10472.0, 11286.0, 9856.00, 8360.00, 8888.00, ...
     10208.0, 11286.0, 8888.00, 9856.00, 8778.00, 9746.00, 10736.0, 10252.0, 11044.0, 11660.0, ...
     8360.00, 8888.00, 9328.00, 4180.00, 4840.00, 6490.00, 7040.00, 8206.00, 10472.0, 11000.0, ...
     4840.00, 7480.00, 14234.0, 4840.00, 11132.0, 12848.0, 8360.00, 8228.00, 7612.00, 7612.00, ...
     7612.00, 6490.00, 7040.00, 7480.00, 10252.0, 11000.0, 4180.00, 8404.00, 10472.0, 7480.00, ...
     4840.00, 9746.00, 10736.0, 10956.0, 10956.0, 4400.00, 8668.00, 8668.00, 4840.00, 8008.00, ...
     8008.00, 6600.00, 6600.00, 6600.00, 6600.00, 9328.00, 9856.00, 7480.00, 4840.00, 4840.00, ...
     4840.00, 10252.0, 5852.00, 10692.0, 10692.0, 10252.0, 10252.0, 7040.00, 7480.00, 7920.00, ...
     7480.00, 7480.00, 8404.00, 8404.00, 8404.00, 9812.00, 10472.0, 4180.00, 10472.0, 10472.0, ...
     10912.0, 9856.00, 12848.0, 5148.00, 9152.00, 10472.0, 11000.0, 9372.00, 9812.00, 10472.0, ...
     11660.0, 4180.00, 12012.0, 14476.0, 5852.00, 5852.00, 12903.0, 12232.0, 6292.00, 10582.0, ...
     9108.00, 13761.0, 6314.00, 11935.0, 11517.0, 5016.00, 7007.00, 11407.0, 4807.00, 7117.00, ...
     6292.00, 10670.0, 12188.0, 12991.0, 12430.0, 5720.00, 13343.0, 14036.0, 14036.0, 14124.0, ...
     11682.0, 5577.00, 13552.0, 5885.00, 11902.0, 4400.00, 6402.00, 11704.0, 12947.0, 5720.00, ...
     4620.00, 4620.00, 6842.00, 9328.00, 9889.00, 13057.0, 9328.00, 5940.00, 5940.00, 12408.0, ...
     12408.0, 12408.0, 12848.0, 12848.0, 12848.0, 12650.0, 6127.00, 11363.0, 13926.0, 13002.0, ...
     6402.00, 10373.0, 12749.0, 14300.0, 13772.0, 10164.0, 13442.0, 6083.00, 10252.0, 12738.0, ...
     9328.00, 13057.0, 14036.0, 11242.0, 14520.0, 14190.0, 6094.00, 13332.0, 12188.0, 13596.0, ...
     12342.0, 12188.0, 12188.0, 12188.0, 12188.0, 12265.0, 5786.00, 6402.00, 12034.0, 6292.00, ...
     11011.0, 11968.0, 13112.0, 6688.00, 12320.0, 14564.0, 13816.0, 12628.0, 12804.0, 10164.0, ...
     13321.0, 11902.0, 5687.00, 7260.00, 13057.0, 6292.00, 10483.0, 13035.0, 5500.00, 9900.00, ...
     13057.0, 5500.00, 5500.00, 5500.00, 11682.0, 5577.00, 5808.00, 9328.00, 11902.0, 6457.00, ...
     9812.00, 12650.0, 6666.00, 12188.0, 9548.00, 8932.00, 8932.00, 8932.00, 6292.00, 9592.00, ...
     9592.00, 8778.00, 12320.0, 13552.0, 13552.0, 9856.00, 11440.0, 13222.0, 11616.0, 10164.0, ...
     13442.0, 5819.00, 10054.0, 13552.0, 7920.00, 5808.00, 7381.00, 13222.0, 9108.00, 9108.00, ...
     5610.00, 7150.00, 12210.0, 12320.0, 6160.00, 13552.0, 13552.0, 13541.0, 7150.00, 9372.00, ...
     12210.0, 12947.0, 13596.0, 13057.0, 12023.0, 14454.0, 4092.00, 6545.00, 4180.00, 4180.00, ...
     4180.00, 4092.00, 4180.00, 4180.00, 4092.00, 5775.00, 11814.0, 6842.00, 12210.0, 4092.00, ...
     6171.00, 10692.0, 12804.0, 13552.0, 10472.0, 12430.0, 5720.00, 13552.0, 13552.0, 12947.0, ...
     5830.00, 7480.00, 10164.0, 13552.0, 5720.00, 12947.0, 12947.0, 8668.00, 8668.00, 13761.0, ...
     9944.00, 13761.0, 9416.00, 13442.0, 13321.0, 6061.00, 11825.0, 13442.0, 5016.00, 6072.00, ...
     6875.00, 11517.0, 13552.0, 6776.00, 11517.0, 4488.00, 5148.00, 13552.0, 13552.0, 13552.0, ...
     13552.0, 13552.0, 13552.0, 8668.00, 8668.00, 8668.00, 5808.00, 7634.00, 13552.0, 6985.00, ...
     11517.0, 5016.00, 6292.00, 10362.0, 12804.0, 7106.00, 11517.0, 5016.00, 13552.0, 5016.00, ...
     5016.00, 5687.00, 11902.0, 5016.00, 6292.00, 10626.0, 12837.0, 12947.0, 10472.0, 13552.0, ...
     8888.00, 8888.00, 10296.0, 10296.0, 11451.0, 5786.00, 9548.00, 13552.0, 13552.0, 8888.00, ...
     6160.00, 8228.00, 12430.0, 6204.00, 11935.0, 6347.00, 9152.00, 12144.0, 10164.0, 10131.0, ...
     9108.00, 13673.0, 14564.0, 14564.0, 11407.0, 5027.00, 7667.00, 9108.00, 13552.0, 4840.00, ...
     4840.00, 4840.00, 9548.00, 4400.00, 4400.00, 13552.0, 6292.00, 11924.0, 5808.00, 11902.0, ...
     4708.00, 9636.00, 13761.0, 7128.00, 6666.00, 12133.0, 5060.00, 5060.00, 5060.00, 13222.0, ...
     5280.00, 5280.00, 5280.00, 9108.00, 13761.0, 7150.00, 12210.0, 9328.00, 9328.00, 5610.00, ...
     9328.00, 13552.0, 12034.0, 6347.00, 6160.00, 12430.0, 14520.0, 6083.00, 10362.0, 12683.0, ...
     9328.00, 10043.0, 13552.0, 6292.00, 10769.0, 13002.0, 14564.0, 14564.0, 10164.0, 13552.0, ...
     9548.00, 13057.0, 10043.0, 13552.0, 5720.00, 8448.00, 12947.0, 5368.00, 6303.00, 12430.0, ...
     13552.0, 7205.00, 11407.0, 5082.00, 6336.00, 13596.0, 13596.0, 5280.00, 6292.00, 10395.0, ...
     12738.0, 6567.00, 12320.0, 9328.00, 13057.0, 13552.0, 13552.0, 13057.0, 13552.0, 13376.0, ...
     11924.0, 13552.0, 6820.00, 13761.0, 10164.0, 13442.0, 11902.0, 7832.00, 5390.00, 11440.0, ...
     5390.00, 12265.0, 6204.00, 11935.0, 6204.00, 6292.00, 10516.0, 12738.0, 11935.0, 5280.00, ...
     11682.0, 6930.00, 11682.0, 9416.00, 5577.00, 5610.00, 10164.0, 13552.0, 11935.0, 8800.00, ...
     5016.00, 6886.00, 6292.00, 10505.0, 12958.0, 13288.0, 13288.0, 11935.0, 4807.00, 7447.00, ...
     7623.00, 5808.00, 5610.00, 7260.00, 13761.0, 4708.00, 6314.00, 12265.0, 13552.0, 11792.0, ...
     7040.00, 5808.00, 5522.00, 7216.00, 11935.0, 13541.0, 6809.00, 11517.0, 6820.00, 6820.00, ...
     5808.00, 6193.00, 12265.0, 5577.00, 12265.0, 9636.00, 14256.0, 5610.00, 13552.0, 7260.00, ...
     10274.0, 9328.00, 10472.0, 5610.00, 6875.00, 11407.0, 4807.00, 10252.0, 10252.0, 5610.00, ...
     11935.0, 4620.00, 5929.00, 12430.0, 14168.0, 6314.00, 12441.0, 6963.00, 12430.0, 6083.00, ...
     10637.0, 12738.0, 13552.0, 14564.0, 5610.00, 14564.0, 14564.0, 11902.0, 5896.00, 5280.00, ...
     11242.0, 13871.0, 6248.00, 11902.0, 5808.00, 7634.00, 11792.0, 5808.00, 12210.0, 9812.00, ...
     6842.00, 11517.0, 5016.00, 6886.00, 5808.00, 7634.00, 11902.0, 7832.00, 5896.00, 13552.0, ...
     5973.00, 11242.0, 13871.0, 4092.00, 4466.00, 4092.00, 8448.00, 5610.00, 5808.00, 11825.0, ...
     13552.0, 13442.0, 9328.00, 9889.00, 13057.0, 11660.0, 11660.0, 11660.0, 11902.0, 5687.00, ...
     6842.00, 12947.0, 5610.00, 5577.00, 12265.0, 7425.00, 11407.0, 5027.00, 13068.0, 5610.00, ...
     13068.0, 5390.00, 12265.0, 5720.00, 8228.00, 8228.00, 5808.00, 11572.0, 12947.0, 6292.00, ...
     12034.0, 12947.0, 6050.00, 12947.0, 5610.00, 5808.00, 7040.00, 7623.00, 6688.00, 12947.0, ...
     5808.00, 10956.0, 11781.0, 4202.00, 6281.00, 11594.0, 5808.00, 7634.00, 11902.0, 7260.00, ...
     5610.00, 8360.00, 6435.00, 8008.00, 8008.00, 10164.0, 13552.0, 5841.00, 6600.00, 6600.00, ...
     6600.00, 6600.00, 6600.00, 11902.0, 14564.0, 14476.0, 14564.0, 5060.00, 6149.00, 12430.0, ...
     8448.00, 11902.0, 5720.00, 6820.00, 12947.0, 5379.00, 5489.00, 13816.0, 9592.00, 12947.0, ...
     13552.0, 6160.00, 8228.00, 12430.0, 6875.00, 11407.0, 6072.00, 4807.00, 5665.00, 11242.0, ...
     4092.00, 6347.00, 9152.00, 12034.0, 7546.00, 11407.0, 4862.00, 5896.00, 10692.0, 10692.0, ...
     10692.0, 13552.0, 5808.00, 11902.0, 5819.00, 11242.0, 4488.00, 4070.00, 4312.00, 6347.00, ...
     10252.0, 13057.0, 5610.00, 11220.0, 11220.0, 11220.0, 11220.0, 13552.0, 12265.0, 6248.00, ...
     12265.0, 5786.00, 6171.00, 7480.00, 8888.00, 8888.00, 13552.0, 11935.0, 13552.0, 12265.0, ...
     6314.00, 7546.00, 11407.0, 4972.00, 6116.00, 12133.0, 8404.00, 8404.00, 6028.00, 8228.00, ...
     12034.0, 5841.00, 6380.00, 6380.00, 6380.00, 10164.0, 13442.0, 6842.00, 12210.0, 6292.00, ...
     12034.0, 12034.0, 6666.00, 12540.0, 5720.00, 7040.00, 7040.00, 11902.0, 7832.00, 5808.00, ...
     11902.0, 5896.00, 5720.00, 8448.00, 8448.00, 6314.00, 12320.0, 7150.00, 12210.0, 5280.00, ...
     6083.00, 9372.00, 12034.0, 6347.00, 12034.0, 5720.00, 11000.0, 11000.0, 11000.0, 6083.00, ...
     12034.0, 6402.00, 10626.0, 12628.0, 4092.00, 6171.00, 12034.0, 9548.00, 13552.0, 6292.00, ...
     10747.0, 12958.0, 6292.00, 10362.0, 13024.0, 6083.00, 10362.0, 12793.0, 6402.00, 12034.0, ...
     6292.00, 11924.0, 6083.00, 10516.0, 12507.0, 12210.0, 5720.00, 6292.00, 12034.0, 6347.00, ...
     9152.00, 12034.0, 6347.00, 10032.0, 10032.0, 12210.0, 14520.0, 14388.0, 6842.00, 12210.0, ...
     14520.0, 14443.0, 14234.0, 12034.0, 6347.00, 14256.0, 14564.0, 14564.0, 14564.0, 14564.0, ...
     13816.0, 6347.00, 12034.0, 4092.00, 4180.00, 6435.00, 12034.0, 6248.00, 12265.0, 5577.00, ...
     11242.0, 13871.0, 12034.0, 6347.00, 6083.00, 9152.00, 12034.0, 12133.0, 7150.00, 6402.00, ...
     8712.00, 12034.0, 5687.00, 11242.0, 13871.0, 5896.00, 11572.0, 12254.0, 9152.00, 7271.00, ...
     7029.00, 12540.0, 5148.00, 5808.00, 11561.0, 5808.00, 7634.00, 11902.0, 5610.00, 5610.00, ...
     10472.0, 10472.0, 5610.00, 11352.0, 11352.0, 10692.0, 10692.0, 10692.0, 5610.00, 10912.0, ...
     10912.0, 9944.00, 9944.00, 5610.00, 8228.00, 5610.00, 11132.0, 11132.0, 5808.00, 7634.00, ...
     10736.0, 11902.0, 6314.00, 11286.0, 5808.00, 11902.0, 9108.00, 9108.00, 11902.0, 14520.0, ...
     14036.0, 14036.0, 14036.0, 14212.0, 14564.0, 14476.0, 14476.0, 14564.0, 8888.00, 8888.00, ...
     11902.0, 5610.00, 9636.00, 11902.0, 14256.0, 12848.0, 12848.0, 10153.0, 13552.0, 11935.0, ...
     7106.00, 11517.0, 6314.00, 12265.0, 4092.00, 4180.00, 4895.00, 6886.00, 11407.0, 9108.00, ...
     5610.00, 4543.00, 5852.00, 7546.00, 11407.0, 5610.00, 6292.00, 12540.0, 6314.00];
rl1889_opt_tour_length = 316536; % Known optimum tour length
