
% --------------------------------------------- st70 ---------------------------------------------

% Name: st70 ==> 70-city problem (Smith/Thompson)
st70(1,:) = ... % X-Coordinates
    [64 , 80 , 69 , 72 , 48 , 58 , 81 , 79 , 30 , 42 , 7  , 29 , 78 , 64 , 95 , 57 , 40 , 68 , ...
     92 , 62 , 28 , 76 , 67 , 93 , 6  , 87 , 30 , 77 , 78 , 55 , 82 , 73 , 20 , 27 , 95 , 67 , ...
     48 , 75 , 8  , 20 , 54 , 63 , 44 , 52 , 12 , 25 , 58 , 5  , 90 , 41 , 25 , 37 , 56 , 10 , ...
     98 , 16 , 89 , 48 , 81 , 29 , 17 , 5  , 79 , 9  , 17 , 74 , 10 , 48 , 83 , 84];
st70(2,:) = ... % Y-Coordinates
    [96 , 39 , 23 , 42 , 67 , 43 , 34 , 17 , 23 , 67 , 76 , 51 , 92 , 8  , 57 , 91 , 35 , 40 , ...
     34 , 1  , 43 , 73 , 88 , 54 , 8  , 18 , 9  , 13 , 94 , 3  , 88 , 28 , 55 , 43 , 86 , 99 , ...
     83 , 81 , 19 , 18 , 38 , 36 , 33 , 18 , 13 , 5  , 85 , 67 , 9  , 76 , 76 , 64 , 63 , 55 , ...
     7  , 74 , 60 , 82 , 76 , 60 , 22 , 45 , 70 , 100, 82 , 67 , 68 , 19 , 86 , 94];
st70_opt_tour = ... % Known optimum tour
    [1 , 36, 29, 13, 70, 35, 31, 69, 38, 59, 22, 66, 63, 57, 15, 24, 19, 7 , 2 , 4 , 18, 42, ...
     32, 3 , 8 , 26, 55, 49, 28, 14, 20, 30, 44, 68, 27, 46, 25, 45, 39, 61, 40, 9 , 17, 43, ...
     41, 6 , 53, 5 , 10, 52, 60, 12, 34, 21, 33, 62, 54, 48, 67, 11, 64, 65, 56, 51, 50, 58, ...
     37, 47, 16, 23];
st70_opt_tour_length = 675; % Known optimum tour length
st70_opt_tour_length_calculated = 678.597; % Calculated optimum tour length
