
% --------------------------------------------- u2152 ---------------------------------------------

% Name: u2152 ==> Drilling problem (Reinelt)
u2152(1,:) = ... % X-Coordinates
    [719.900, 719.900, 758.010, 758.010, 808.810, 808.810, 808.810, 808.810, 808.810, 808.810, ...
     859.610, 859.610, 859.610, 859.610, 859.610, 859.610, 859.610, 859.610, 859.610, 859.610, ...
     758.010, 732.600, 758.010, 732.600, 732.600, 758.010, 732.600, 758.010, 758.010, 808.810, ...
     808.810, 808.810, 808.810, 758.010, 758.010, 732.600, 732.600, 732.600, 681.800, 681.800, ...
     681.800, 681.800, 656.410, 656.410, 758.010, 758.010, 732.600, 732.600, 758.010, 758.010, ...
     758.010, 732.600, 732.600, 605.610, 605.610, 605.610, 605.610, 605.610, 605.610, 605.610, ...
     605.610, 631.000, 605.610, 631.000, 605.610, 631.000, 631.000, 656.410, 656.410, 631.000, ...
     656.410, 681.800, 681.800, 681.800, 681.800, 681.800, 681.800, 681.800, 732.600, 732.600, ...
     732.600, 732.600, 732.600, 732.600, 605.610, 605.610, 605.610, 605.610, 605.610, 605.610, ...
     605.610, 605.610, 656.410, 681.800, 681.800, 732.600, 732.600, 732.600, 732.600, 808.810, ...
     808.810, 808.810, 808.810, 808.810, 808.810, 859.610, 859.610, 859.610, 859.610, 859.610, ...
     859.610, 859.610, 859.610, 808.810, 808.810, 808.810, 808.810, 783.400, 808.810, 834.200, ...
     859.610, 859.610, 859.610, 859.610, 935.800, 935.800, 935.800, 935.800, 935.800, 935.800, ...
     935.800, 859.610, 859.610, 859.610, 935.800, 961.190, 935.800, 961.190, 986.600, 986.600, ...
     935.800, 961.190, 986.600, 1011.99, 986.600, 961.190, 935.800, 834.200, 808.810, 783.400, ...
     758.010, 681.800, 707.210, 732.600, 758.010, 783.400, 834.200, 808.810, 707.210, 732.600, ...
     681.800, 681.800, 707.210, 732.600, 758.010, 783.400, 808.810, 834.200, 834.200, 808.810, ...
     783.400, 758.010, 732.600, 707.210, 681.800, 656.410, 681.800, 681.800, 656.410, 656.410, ...
     681.800, 707.210, 707.210, 732.600, 758.010, 783.400, 834.200, 808.810, 783.400, 758.010, ...
     707.210, 681.800, 656.410, 681.800, 707.210, 732.600, 732.600, 758.010, 758.010, 783.400, ...
     783.400, 681.800, 681.800, 707.210, 707.210, 732.600, 758.010, 783.400, 808.810, 834.200, ...
     885.000, 910.390, 808.810, 808.810, 834.200, 834.200, 935.800, 935.800, 935.800, 961.190, ...
     986.600, 935.800, 961.190, 986.600, 1011.99, 1037.40, 1062.79, 1088.20, 1088.20, 1062.79, ...
     1037.40, 1011.99, 961.190, 961.190, 986.600, 1011.99, 1037.40, 1062.79, 1088.20, 1088.20, ...
     1062.79, 1037.40, 1011.99, 1037.40, 1062.79, 1088.20, 1011.99, 1011.99, 1037.40, 1037.40, ...
     1062.79, 1088.20, 1062.79, 1113.59, 1062.79, 1113.59, 1113.59, 1113.59, 1113.59, 1113.59, ...
     1113.59, 1113.59, 1062.79, 1062.79, 1037.40, 935.800, 935.800, 935.800, 935.800, 935.800, ...
     935.800, 935.800, 935.800, 986.600, 986.600, 986.600, 986.600, 986.600, 986.600, 986.600, ...
     986.600, 986.600, 986.600, 986.600, 986.600, 986.600, 986.600, 986.600, 986.600, 1062.79, ...
     1062.79, 1062.79, 1062.79, 1062.79, 1062.79, 1062.79, 1113.59, 1113.59, 1113.59, 1062.79, ...
     1062.79, 1062.79, 1113.59, 1113.59, 1113.59, 1113.59, 1062.79, 1062.79, 1062.79, 1062.79, ...
     1113.59, 1113.59, 1088.20, 1113.59, 1113.59, 1113.59, 1062.79, 1062.79, 986.600, 986.600, ...
     986.600, 986.600, 986.600, 986.600, 986.600, 1062.79, 1062.79, 1062.79, 1062.79, 1062.79, ...
     1113.59, 1113.59, 1113.59, 1113.59, 1189.80, 1189.80, 1189.80, 1189.80, 1189.80, 1189.80, ...
     1189.80, 1240.61, 1240.61, 1240.61, 1240.61, 1240.61, 1240.61, 1240.61, 1316.80, 1316.80, ...
     1316.80, 1316.80, 1316.80, 1316.80, 1316.80, 1367.60, 1354.90, 1354.90, 1393.01, 1393.01, ...
     1443.81, 1494.61, 1431.09, 1431.09, 1469.20, 1469.20, 1507.30, 1507.30, 1545.39, 1545.39, ...
     1583.50, 1583.50, 1570.80, 1596.19, 1672.40, 1723.20, 1634.30, 1634.30, 1672.40, 1672.40, ...
     1710.51, 1710.51, 1748.59, 1748.59, 1799.39, 1850.20, 1786.70, 1786.70, 1824.80, 1824.80, ...
     1862.89, 1862.89, 1913.69, 1913.69, 2129.61, 2104.20, 2078.81, 2053.40, 2028.01, 2002.60, ...
     1977.21, 1951.80, 1926.41, 1901.00, 1951.80, 1951.80, 1989.90, 1989.90, 2028.01, 2028.01, ...
     2066.09, 2066.09, 2104.20, 2104.20, 2142.30, 2142.30, 2180.39, 2180.39, 2231.19, 2231.19, ...
     2256.60, 2256.60, 2307.40, 2307.40, 2409.00, 2434.39, 2409.00, 2434.39, 2409.00, 2434.39, ...
     2459.80, 2485.20, 2459.80, 2485.20, 2510.61, 2536.00, 2561.41, 2586.80, 2612.21, 2637.60, ...
     2637.60, 2637.60, 2688.40, 2713.81, 2790.00, 2764.61, 2739.20, 2688.40, 2637.60, 2612.21, ...
     2586.80, 2561.41, 2536.00, 2510.61, 2612.21, 2586.80, 2561.41, 2561.41, 2586.80, 2612.21, ...
     2637.60, 2612.21, 2612.21, 2637.60, 2612.21, 2637.60, 2637.60, 2688.40, 2688.40, 2688.40, ...
     2688.40, 2688.40, 2764.61, 2764.61, 2790.00, 2815.41, 2764.61, 2790.00, 2916.99, 2891.60, ...
     2866.19, 2840.80, 2815.41, 2790.00, 2764.61, 2764.61, 2790.00, 2815.41, 2840.80, 2866.19, ...
     2891.60, 2916.99, 2993.20, 2967.79, 2916.99, 2891.60, 2866.19, 2840.80, 2916.99, 2916.99, ...
     2764.61, 2713.81, 2739.20, 2764.61, 2790.00, 2815.41, 2840.80, 2866.19, 2891.60, 2916.99, ...
     2967.79, 2942.40, 2942.40, 2916.99, 2891.60, 2866.19, 2840.80, 2815.41, 2891.60, 2891.60, ...
     2967.79, 2993.20, 3018.59, 3044.00, 3069.39, 3094.80, 3120.20, 3145.61, 3069.39, 3044.00, ...
     3018.59, 2993.20, 2993.20, 2993.20, 3018.59, 3018.59, 2993.20, 3018.59, 3069.39, 3069.39, ...
     3094.80, 3069.39, 3094.80, 3145.61, 3120.20, 3094.80, 3069.39, 3044.00, 3018.59, 2967.79, ...
     2967.79, 2993.20, 3018.59, 3044.00, 3069.39, 3094.80, 3120.20, 3094.80, 3069.39, 3044.00, ...
     3018.59, 2993.20, 2993.20, 3069.39, 3044.00, 3018.59, 2993.20, 2993.20, 3018.59, 3044.00, ...
     3069.39, 3094.80, 3120.20, 3145.61, 3145.61, 3120.20, 3094.80, 3145.61, 3120.20, 3094.80, ...
     3069.39, 3044.00, 3018.59, 2993.20, 2967.79, 2993.20, 3018.59, 3044.00, 3069.39, 3094.80, ...
     3120.20, 3145.61, 3196.41, 3221.80, 3196.41, 3221.80, 3272.60, 3298.01, 3323.40, 3272.60, ...
     3298.01, 3272.60, 3247.21, 3145.61, 3120.20, 3145.61, 3247.21, 3247.21, 3272.60, 3272.60, ...
     3298.01, 3323.40, 3145.61, 3171.00, 3221.80, 3247.21, 3247.21, 3221.80, 3171.00, 3145.61, ...
     3094.80, 3094.80, 3069.39, 3069.39, 3094.80, 3094.80, 3120.20, 3145.61, 3221.80, 3196.41, ...
     3196.41, 3221.80, 3272.60, 3272.60, 3272.60, 3298.01, 3298.01, 3298.01, 3323.40, 3348.81, ...
     3348.81, 3323.40, 3450.41, 3450.41, 3425.00, 3374.20, 3348.81, 3374.20, 3323.40, 3298.01, ...
     3298.01, 3323.40, 3298.01, 3323.40, 3323.40, 3298.01, 3272.60, 3272.60, 3348.81, 3374.20, ...
     3399.61, 3425.00, 3425.00, 3399.61, 3374.20, 3348.81, 3323.40, 3298.01, 3272.60, 3323.40, ...
     3348.81, 3374.20, 3399.61, 3425.00, 3425.00, 3399.61, 3374.20, 3348.81, 3298.01, 3323.40, ...
     3348.81, 3374.20, 3425.00, 3399.61, 3374.20, 3348.81, 3425.00, 3399.61, 3374.20, 3348.81, ...
     3323.40, 3298.01, 3272.60, 3272.60, 3298.01, 3272.60, 3298.01, 3323.40, 3425.00, 3399.61, ...
     3374.20, 3348.81, 3425.00, 3399.61, 3374.20, 3348.81, 3323.40, 3298.01, 3272.60, 3272.60, ...
     3298.01, 3323.40, 3348.81, 3374.20, 3425.00, 3399.61, 3298.01, 3323.40, 3298.01, 3272.60, ...
     3272.60, 3272.60, 3298.01, 3323.40, 3348.81, 3374.20, 3399.61, 3425.00, 3425.00, 3399.61, ...
     3374.20, 3348.81, 3425.00, 3399.61, 3374.20, 3348.81, 3323.40, 3298.01, 3272.60, 3272.60, ...
     3298.01, 3323.40, 3425.00, 3399.61, 3374.20, 3348.81, 3425.00, 3399.61, 3374.20, 3348.81, ...
     3323.40, 3298.01, 3298.01, 3272.60, 3272.60, 3221.80, 3272.60, 3298.01, 3323.40, 3348.81, ...
     3374.20, 3425.00, 3399.61, 3399.61, 3425.00, 3374.20, 3348.81, 3348.81, 3323.40, 3298.01, ...
     3272.60, 3196.41, 3221.80, 3247.21, 3272.60, 3298.01, 3323.40, 3348.81, 3323.40, 3298.01, ...
     3272.60, 3247.21, 3221.80, 3196.41, 3145.61, 3120.20, 3145.61, 3120.20, 3145.61, 3196.41, ...
     3221.80, 3196.41, 3145.61, 3120.20, 3094.80, 3120.20, 3145.61, 3145.61, 3120.20, 3145.61, ...
     3094.80, 3120.20, 3145.61, 3120.20, 3094.80, 3120.20, 3145.61, 3145.61, 3120.20, 3069.39, ...
     3094.80, 3145.61, 3120.20, 3094.80, 3069.39, 3044.00, 2993.20, 3018.59, 3044.00, 3018.59, ...
     2993.20, 2993.20, 3069.39, 3044.00, 3018.59, 2993.20, 2993.20, 3018.59, 3044.00, 3069.39, ...
     3094.80, 3069.39, 3044.00, 3018.59, 2993.20, 2993.20, 3018.59, 2993.20, 3018.59, 3044.00, ...
     3069.39, 3094.80, 3120.20, 3145.61, 3094.80, 3069.39, 3044.00, 2993.20, 3018.59, 3094.80, ...
     3069.39, 3044.00, 3018.59, 2993.20, 3069.39, 3044.00, 3018.59, 3018.59, 2993.20, 2993.20, ...
     2967.79, 2993.20, 3018.59, 3044.00, 3120.20, 3094.80, 3069.39, 2993.20, 2967.79, 2993.20, ...
     3018.59, 3044.00, 3069.39, 3094.80, 3069.39, 3044.00, 3069.39, 3044.00, 3018.59, 2993.20, ...
     3018.59, 2993.20, 2967.79, 2942.40, 2967.79, 2942.40, 2916.99, 2891.60, 2916.99, 2891.60, ...
     2916.99, 2967.79, 2916.99, 2891.60, 2891.60, 2866.19, 2840.80, 2815.41, 2764.61, 2764.61, ...
     2790.00, 2764.61, 2790.00, 2764.61, 2790.00, 2815.41, 2840.80, 2866.19, 2891.60, 2916.99, ...
     2891.60, 2866.19, 2840.80, 2815.41, 2840.80, 2815.41, 2790.00, 2764.61, 2764.61, 2790.00, ...
     2764.61, 2790.00, 2815.41, 2840.80, 2866.19, 2866.19, 2891.60, 2916.99, 2916.99, 2916.99, ...
     2891.60, 2866.19, 2840.80, 2815.41, 2790.00, 2764.61, 2764.61, 2790.00, 2815.41, 2840.80, ...
     2866.19, 2891.60, 2916.99, 2916.99, 2891.60, 2866.19, 2866.19, 2840.80, 2815.41, 2790.00, ...
     2764.61, 2764.61, 2790.00, 2764.61, 2790.00, 2815.41, 2840.80, 2866.19, 2891.60, 2916.99, ...
     2891.60, 2840.80, 2866.19, 2891.60, 2916.99, 2916.99, 2891.60, 2866.19, 2840.80, 2815.41, ...
     2815.41, 2790.00, 2764.61, 2790.00, 2764.61, 2764.61, 2764.61, 2790.00, 2815.41, 2840.80, ...
     2916.99, 2891.60, 2866.19, 2790.00, 2764.61, 2790.00, 2815.41, 2840.80, 2866.19, 2891.60, ...
     2916.99, 2967.79, 2967.79, 2916.99, 2891.60, 2866.19, 2840.80, 2815.41, 2790.00, 2764.61, ...
     2764.61, 2790.00, 2815.41, 2840.80, 2866.19, 2891.60, 2916.99, 2916.99, 2891.60, 2866.19, ...
     2840.80, 2891.60, 2916.99, 2866.19, 2840.80, 2815.41, 2790.00, 2764.61, 2764.61, 2790.00, ...
     2815.41, 2790.00, 2764.61, 2637.60, 2637.60, 2612.21, 2637.60, 2612.21, 2637.60, 2612.21, ...
     2586.80, 2586.80, 2561.41, 2510.61, 2536.00, 2536.00, 2510.61, 2510.61, 2536.00, 2561.41, ...
     2586.80, 2561.41, 2586.80, 2612.21, 2612.21, 2612.21, 2637.60, 2637.60, 2612.21, 2637.60, ...
     2637.60, 2612.21, 2612.21, 2637.60, 2612.21, 2586.80, 2561.41, 2561.41, 2586.80, 2612.21, ...
     2688.40, 2688.40, 2688.40, 2688.40, 2612.21, 2586.80, 2561.41, 2561.41, 2586.80, 2612.21, ...
     2637.60, 2637.60, 2637.60, 2612.21, 2612.21, 2510.61, 2536.00, 2536.00, 2510.61, 2485.20, ...
     2485.20, 2459.80, 2434.39, 2459.80, 2459.80, 2459.80, 2434.39, 2434.39, 2434.39, 2459.80, ...
     2434.39, 2434.39, 2459.80, 2459.80, 2434.39, 2459.80, 2459.80, 2485.20, 2485.20, 2510.61, ...
     2536.00, 2536.00, 2510.61, 2485.20, 2510.61, 2536.00, 2536.00, 2510.61, 2485.20, 2459.80, ...
     2434.39, 2459.80, 2459.80, 2459.80, 2434.39, 2434.39, 2459.80, 2459.80, 2434.39, 2434.39, ...
     2459.80, 2510.61, 2536.00, 2485.20, 2459.80, 2485.20, 2459.80, 2434.39, 2434.39, 2358.20, ...
     2332.79, 2307.40, 2256.60, 2281.99, 2307.40, 2332.79, 2358.20, 2332.79, 2205.80, 2231.19, ...
     2256.60, 2281.99, 2307.40, 2332.79, 2358.20, 2358.20, 2358.20, 2332.79, 2307.40, 2281.99, ...
     2256.60, 2231.19, 2205.80, 2180.39, 2205.80, 2231.19, 2256.60, 2281.99, 2307.40, 2332.79, ...
     2358.20, 2358.20, 2332.79, 2307.40, 2281.99, 2256.60, 2281.99, 2307.40, 2332.79, 2358.20, ...
     2358.20, 2332.79, 2358.20, 2332.79, 2307.40, 2281.99, 2256.60, 2231.19, 2205.80, 2129.61, ...
     2155.00, 2180.39, 2205.80, 2231.19, 2256.60, 2180.39, 2129.61, 2104.20, 2155.00, 2129.61, ...
     2078.81, 2053.40, 2028.01, 2078.81, 2053.40, 2028.01, 1977.21, 1951.80, 1926.41, 1901.00, ...
     1875.61, 1850.20, 1799.39, 1799.39, 1799.39, 1799.39, 1799.39, 1799.39, 1774.00, 1799.39, ...
     1850.20, 1875.61, 1901.00, 1850.20, 1901.00, 1875.61, 1850.20, 1723.20, 1723.20, 1723.20, ...
     1723.20, 1723.20, 1723.20, 1799.39, 1723.20, 1723.20, 1723.20, 1799.39, 1799.39, 1799.39, ...
     1799.39, 1799.39, 1799.39, 1799.39, 1774.00, 1799.39, 1926.41, 1951.80, 1901.00, 1875.61, ...
     1850.20, 1850.20, 1875.61, 1901.00, 1926.41, 1951.80, 1977.21, 2002.60, 2053.40, 2028.01, ...
     2002.60, 1977.21, 1951.80, 1926.41, 1875.61, 1901.00, 1926.41, 1926.41, 1951.80, 1951.80, ...
     1977.21, 1926.41, 1951.80, 1977.21, 2002.60, 2028.01, 2053.40, 2002.60, 2028.01, 2053.40, ...
     2078.81, 2129.61, 2231.19, 2205.80, 2180.39, 2155.00, 2078.81, 2002.60, 2028.01, 2053.40, ...
     2078.81, 2129.61, 2155.00, 2180.39, 2155.00, 2129.61, 2078.81, 2028.01, 2053.40, 2078.81, ...
     2129.61, 2129.61, 2155.00, 2155.00, 2180.39, 2205.80, 2231.19, 2078.81, 2053.40, 2028.01, ...
     2002.60, 1977.21, 1901.00, 1926.41, 1951.80, 1977.21, 2002.60, 2028.01, 2053.40, 2078.81, ...
     2129.61, 2180.39, 2155.00, 2129.61, 2231.19, 2205.80, 2180.39, 2155.00, 2205.80, 2231.19, ...
     2256.60, 2281.99, 2256.60, 2281.99, 2307.40, 2332.79, 2358.20, 2383.59, 2358.20, 2358.20, ...
     2332.79, 2307.40, 2281.99, 2256.60, 2231.19, 2205.80, 2180.39, 2205.80, 2231.19, 2256.60, ...
     2281.99, 2307.40, 2358.20, 2332.79, 2332.79, 2307.40, 2281.99, 2256.60, 2231.19, 2180.39, ...
     2205.80, 2256.60, 2281.99, 2307.40, 2332.79, 2358.20, 2409.00, 2383.59, 2358.20, 2256.60, ...
     2281.99, 2307.40, 2332.79, 2358.20, 2383.59, 2409.00, 2383.59, 2358.20, 2332.79, 2307.40, ...
     2281.99, 2256.60, 2332.79, 2307.40, 2281.99, 2256.60, 2231.19, 2231.19, 2256.60, 2256.60, ...
     2231.19, 2256.60, 2307.40, 2332.79, 2358.20, 2383.59, 2409.00, 2459.80, 2510.61, 2485.20, ...
     2485.20, 2485.20, 2510.61, 2561.41, 2536.00, 2510.61, 2485.20, 2409.00, 2485.20, 2485.20, ...
     2510.61, 2536.00, 2510.61, 2485.20, 2485.20, 2510.61, 2536.00, 2485.20, 2510.61, 2536.00, ...
     2561.41, 2586.80, 2612.21, 2637.60, 2561.41, 2586.80, 2612.21, 2637.60, 2612.21, 2612.21, ...
     2586.80, 2586.80, 2561.41, 2561.41, 2536.00, 2510.61, 2586.80, 2637.60, 2612.21, 2536.00, ...
     2561.41, 2586.80, 2612.21, 2637.60, 2663.01, 2637.60, 2612.21, 2586.80, 2561.41, 2536.00, ...
     2510.61, 2409.00, 2383.59, 2307.40, 2332.79, 2383.59, 2409.00, 2459.80, 2485.20, 2510.61, ...
     2536.00, 2561.41, 2586.80, 2612.21, 2637.60, 2688.40, 2739.20, 2739.20, 2739.20, 2739.20, ...
     2688.40, 2713.81, 2739.20, 2739.20, 2713.81, 2688.40, 2663.01, 2663.01, 2637.60, 2637.60, ...
     2612.21, 2612.21, 2586.80, 2586.80, 2561.41, 2561.41, 2536.00, 2510.61, 2536.00, 2510.61, ...
     2485.20, 2485.20, 2459.80, 2434.39, 2434.39, 2358.20, 2332.79, 2332.79, 2307.40, 2281.99, ...
     2281.99, 2205.80, 2129.61, 2104.20, 2078.81, 2078.81, 2104.20, 2129.61, 2155.00, 2180.39, ...
     2180.39, 2155.00, 2129.61, 2104.20, 2078.81, 2053.40, 2053.40, 2028.01, 2028.01, 2002.60, ...
     2002.60, 1977.21, 1977.21, 1951.80, 1951.80, 1926.41, 1926.41, 1901.00, 1901.00, 1875.61, ...
     1850.20, 1850.20, 1799.39, 1824.80, 1951.80, 1951.80, 1977.21, 1977.21, 2002.60, 2028.01, ...
     2028.01, 1951.80, 1977.21, 2002.60, 2028.01, 2053.40, 2053.40, 2078.81, 2104.20, 2129.61, ...
     2104.20, 2129.61, 2155.00, 2155.00, 2028.01, 2078.81, 2053.40, 2028.01, 2002.60, 1901.00, ...
     1875.61, 1850.20, 1824.80, 1799.39, 1774.00, 1748.59, 1723.20, 1697.79, 1697.79, 1723.20, ...
     1748.59, 1774.00, 1799.39, 1723.20, 1748.59, 1774.00, 1799.39, 1824.80, 1824.80, 1850.20, ...
     1875.61, 1901.00, 1926.41, 1951.80, 1977.21, 2053.40, 2078.81, 2078.81, 2053.40, 2028.01, ...
     2002.60, 2028.01, 2002.60, 1977.21, 1977.21, 1951.80, 1926.41, 1951.80, 1951.80, 1977.21, ...
     2078.81, 2053.40, 2028.01, 2002.60, 1977.21, 1951.80, 1926.41, 1901.00, 1926.41, 1901.00, ...
     1824.80, 1824.80, 1799.39, 1824.80, 1799.39, 1774.00, 1748.59, 1723.20, 1697.79, 1672.40, ...
     1672.40, 1697.79, 1723.20, 1748.59, 1774.00, 1799.39, 1774.00, 1748.59, 1723.20, 1672.40, ...
     1697.79, 1697.79, 1672.40, 1697.79, 1672.40, 1570.80, 1570.80, 1545.39, 1545.39, 1520.00, ...
     1545.39, 1570.80, 1596.19, 1596.19, 1570.80, 1545.39, 1520.00, 1494.61, 1520.00, 1545.39, ...
     1570.80, 1596.19, 1520.00, 1545.39, 1570.80, 1596.19, 1570.80, 1596.19, 1596.19, 1570.80, ...
     1596.19, 1596.19, 1570.80, 1570.80, 1596.19, 1570.80, 1570.80, 1570.80, 1570.80, 1596.19, ...
     1570.80, 1596.19, 1596.19, 1596.19, 1672.40, 1723.20, 1723.20, 1723.20, 1723.20, 1723.20, ...
     1672.40, 1672.40, 1672.40, 1672.40, 1672.40, 1672.40, 1672.40, 1596.19, 1570.80, 1596.19, ...
     1570.80, 1570.80, 1596.19, 1570.80, 1596.19, 1570.80, 1596.19, 1570.80, 1570.80, 1596.19, ...
     1596.19, 1672.40, 1672.40, 1672.40, 1672.40, 1672.40, 1672.40, 1672.40, 1672.40, 1723.20, ...
     1723.20, 1799.39, 1799.39, 1850.20, 1875.61, 1901.00, 1926.41, 1951.80, 2002.60, 1977.21, ...
     1926.41, 1901.00, 1901.00, 1926.41, 1951.80, 1977.21, 2002.60, 2053.40, 2078.81, 2104.20, ...
     2129.61, 2129.61, 2104.20, 2078.81, 2053.40, 2028.01, 2002.60, 1977.21, 2028.01, 2002.60, ...
     1977.21, 1951.80, 1926.41, 1901.00, 1926.41, 1951.80, 1926.41, 1901.00, 1901.00, 1850.20, ...
     1799.39, 1774.00, 1799.39, 1799.39, 1799.39, 1799.39, 1799.39, 1799.39, 1799.39, 1723.20, ...
     1723.20, 1723.20, 1723.20, 1723.20, 1723.20, 1723.20, 1672.40, 1672.40, 1672.40, 1672.40, ...
     1672.40, 1672.40, 1672.40, 1596.19, 1596.19, 1570.80, 1570.80, 1596.19, 1570.80, 1570.80, ...
     1570.80, 1596.19, 1596.19, 1570.80, 1596.19, 1570.80, 1570.80, 1596.19, 1596.19, 1494.61, ...
     1494.61, 1494.61, 1494.61, 1494.61, 1494.61, 1494.61, 1596.19, 1570.80, 1596.19, 1570.80, ...
     1494.61, 1494.61, 1494.61, 1494.61, 1494.61, 1494.61, 1494.61, 1494.61, 1443.81, 1443.81, ...
     1443.81, 1443.81, 1367.60, 1367.60, 1367.60, 1367.60, 1367.60, 1367.60, 1342.21, 1367.60, ...
     1443.81, 1443.81, 1443.81, 1443.81, 1443.81, 1443.81, 1494.61, 1494.61, 1494.61, 1494.61, ...
     1494.61, 1494.61, 1494.61, 1494.61, 1443.81, 1443.81, 1367.60, 1367.60, 1367.60, 1367.60, ...
     1367.60, 1367.60, 1367.60, 1367.60, 1342.21, 1367.60, 1443.81, 1469.20, 1494.61, 1469.20, ...
     1443.81, 1494.61, 1469.20, 1443.81, 1494.61, 1469.20, 1443.81, 1443.81, 1469.20, 1672.40, ...
     1672.40, 1469.20, 1443.81, 1393.01, 1367.60, 1342.21, 1316.80, 1342.21, 1469.20, 1469.20, ...
     1520.00, 1494.61, 1520.00, 1545.39, 1545.39, 1570.80, 1570.80, 1596.19, 1596.19, 1621.60, ...
     1621.60, 1646.99, 1646.99, 1672.40, 1672.40, 1672.40, 1646.99, 1672.40, 1646.99, 1621.60, ...
     1621.60, 1596.19, 1596.19, 1570.80, 1545.39, 1570.80, 1545.39, 1520.00, 1494.61, 1520.00, ...
     1494.61, 1494.61, 1469.20, 1443.81, 1469.20, 1443.81, 1418.40, 1393.01, 1418.40, 1393.01, ...
     1367.60, 1342.21, 1367.60, 1342.21, 1316.80, 1291.41, 1316.80, 1316.80, 1291.41, 1240.61, ...
     1240.61, 1266.00, 1266.00, 1291.41, 1266.00, 1266.00, 1240.61, 1240.61, 1215.20, 1215.20, ...
     1189.80, 1189.80, 1164.39, 1139.00, 1164.39, 1139.00, 1113.59, 1088.20, 1113.59, 1088.20, ...
     1062.79, 1062.79, 1062.79, 1088.20, 1113.59, 1037.40, 1062.79, 1037.40, 1062.79, 1139.00, ...
     1164.39, 1164.39, 1189.80, 1164.39, 1139.00, 1164.39, 1189.80, 1189.80, 1215.20, 1215.20, ...
     1215.20, 1215.20, 1240.61, 1240.61, 1266.00, 1266.00, 1291.41, 1291.41, 1316.80, 1316.80, ...
     1291.41, 1266.00, 1240.61, 1215.20, 1189.80, 1164.39, 1189.80, 1291.41, 1316.80, 1316.80, ...
     1291.41, 1266.00, 1240.61, 1266.00, 1240.61, 1215.20, 1189.80, 1164.39, 1164.39, 1189.80, ...
     1215.20, 1240.61, 1266.00, 1291.41, 1316.80, 1342.21, 1393.01, 1367.60, 1316.80, 1291.41, ...
     1266.00, 1240.61, 1215.20, 1215.20, 1189.80, 1164.39, 1164.39, 1164.39, 1189.80, 1189.80, ...
     1316.80, 1291.41, 1266.00, 1240.61, 1215.20, 1189.80, 1164.39, 1164.39, 1189.80, 1215.20, ...
     1240.61, 1266.00, 1291.41, 1316.80, 1316.80, 1291.41, 1266.00, 1240.61, 1215.20, 1189.80, ...
     1164.39, 1189.80, 1240.61, 1266.00, 1189.80, 1189.80, 1189.80, 1189.80, 1189.80, 1189.80, ...
     1189.80, 1240.61, 1266.00, 1291.41, 1291.41, 1266.00, 1240.61, 1189.80, 1189.80, 1266.00, ...
     1266.00, 1291.41, 1266.00, 1291.41, 1316.80, 1316.80, 1291.41, 1291.41, 1316.80, 1316.80, ...
     1316.80, 1291.41, 1266.00, 1266.00, 1266.00, 1189.80, 1189.80, 1189.80, 1189.80, 1189.80, ...
     1189.80, 1240.61, 1240.61, 1316.80, 1316.80, 1266.00, 1266.00, 1291.41, 1316.80, 1291.41, ...
     1291.41, 1316.80, 1316.80, 1367.60, 1367.60, 1443.81, 1443.81, 1443.81, 1443.81, 1367.60, ...
     1342.21, 1367.60, 1367.60, 1367.60, 1367.60, 1367.60, 1367.60, 1443.81, 1443.81, 1443.81, ...
     1443.81, 1443.81, 1443.81, 1443.81, 1367.60, 1316.80, 1316.80, 1316.80, 1266.00, 1266.00, ...
     1240.61, 1189.80, 1227.89, 1227.89, 1189.80, 1189.80, 1151.70, 1151.70, 1113.59, 1113.59, ...
     1075.51, 1075.51, 1113.59, 1062.79, 935.800, 935.800, 935.800, 935.800, 935.800, 935.800, ...
     935.800, 935.800, 935.800, 935.800, 986.600, 1037.40, 1037.40, 999.300, 999.300, 948.500, ...
     948.500, 910.390, 910.390, 872.300, 872.300, 834.200, 834.200, 796.090, 796.090, 758.010, ...
     732.600, 732.600, 681.800, 681.800, 681.800, 681.800, 681.800, 681.800, 631.000, 631.000, ...
     681.800, 681.800];
u2152(2,:) = ... % Y-Coordinates
    [733.110, 707.700, 707.700, 733.110, 796.600, 821.990, 923.590, 898.200, 872.790, 847.400, ...
     796.600, 821.990, 847.400, 872.790, 898.200, 923.590, 949.000, 974.390, 999.800, 1025.20, ...
     1101.41, 1101.41, 1076.00, 1050.61, 1076.00, 1050.61, 1025.20, 1025.20, 999.800, 1025.20, ...
     999.800, 974.390, 949.000, 949.000, 974.390, 999.800, 974.390, 949.000, 949.000, 974.390, ...
     999.800, 1025.20, 1025.20, 999.800, 898.200, 923.590, 872.790, 847.400, 821.990, 847.400, ...
     872.790, 898.200, 923.590, 796.600, 821.990, 847.400, 872.790, 898.200, 923.590, 949.000, ...
     974.390, 999.800, 999.800, 1025.20, 1025.20, 1050.61, 1076.00, 1050.61, 1076.00, 1101.41, ...
     1101.41, 1152.21, 1177.60, 1203.01, 1228.40, 1253.81, 1279.20, 1304.61, 1253.81, 1279.20, ...
     1228.40, 1203.01, 1177.60, 1152.21, 1152.21, 1177.60, 1203.01, 1228.40, 1253.81, 1279.20, ...
     1304.61, 1330.00, 1355.39, 1330.00, 1355.39, 1380.80, 1355.39, 1330.00, 1304.61, 1279.20, ...
     1253.81, 1228.40, 1203.01, 1177.60, 1152.21, 1152.21, 1126.80, 1101.41, 1177.60, 1203.01, ...
     1228.40, 1253.81, 1279.20, 1304.61, 1330.00, 1355.39, 1380.80, 1456.99, 1456.99, 1456.99, ...
     1456.99, 1431.60, 1380.80, 1406.19, 1380.80, 1406.19, 1431.60, 1456.99, 1482.40, 1507.79, ...
     1533.20, 1482.40, 1507.79, 1533.20, 1584.00, 1584.00, 1609.39, 1609.39, 1584.00, 1609.39, ...
     1685.61, 1685.61, 1685.61, 1685.61, 1736.41, 1736.41, 1736.41, 1685.61, 1685.61, 1685.61, ...
     1685.61, 1609.39, 1609.39, 1609.39, 1609.39, 1609.39, 1609.39, 1609.39, 1685.61, 1685.61, ...
     1685.61, 1736.41, 1736.41, 1736.41, 1736.41, 1736.41, 1736.41, 1736.41, 1812.60, 1812.60, ...
     1812.60, 1812.60, 1812.60, 1812.60, 1787.21, 1787.21, 1812.60, 1838.01, 1838.01, 1863.40, ...
     1863.40, 1838.01, 1863.40, 1863.40, 1838.01, 1838.01, 1863.40, 1863.40, 1863.40, 1863.40, ...
     1939.61, 1939.61, 1939.61, 1965.00, 1965.00, 1939.61, 1965.00, 1939.61, 1965.00, 1939.61, ...
     1965.00, 2041.19, 2066.60, 2066.60, 2041.19, 2041.19, 2041.19, 2041.19, 2041.19, 2041.19, ...
     2066.60, 2066.60, 1965.00, 1939.61, 1965.00, 1939.61, 1863.40, 1812.60, 1787.21, 1863.40, ...
     1863.40, 1939.61, 1939.61, 1939.61, 1939.61, 1939.61, 1939.61, 1939.61, 1863.40, 1863.40, ...
     1863.40, 1863.40, 1812.60, 1787.21, 1812.60, 1812.60, 1812.60, 1812.60, 1812.60, 1736.41, ...
     1736.41, 1736.41, 1736.41, 1685.61, 1685.61, 1685.61, 1609.39, 1584.00, 1609.39, 1584.00, ...
     1609.39, 1609.39, 1584.00, 1533.20, 1533.20, 1507.79, 1482.40, 1456.99, 1431.60, 1406.19, ...
     1380.80, 1355.39, 1304.61, 1279.20, 1304.61, 1279.20, 1253.81, 1228.40, 1203.01, 1177.60, ...
     1152.21, 1126.80, 1101.41, 1101.41, 1126.80, 1152.21, 1177.60, 1203.01, 1228.40, 1253.81, ...
     1279.20, 1355.39, 1380.80, 1406.19, 1431.60, 1456.99, 1482.40, 1507.79, 1533.20, 1507.79, ...
     1482.40, 1456.99, 1431.60, 1406.19, 1380.80, 1355.39, 1279.20, 1253.81, 1228.40, 1203.01, ...
     1228.40, 1253.81, 1203.01, 1177.60, 1152.21, 1126.80, 1101.41, 1126.80, 1177.60, 1152.21, ...
     1101.41, 999.800, 999.800, 974.390, 949.000, 923.590, 974.390, 949.000, 821.990, 847.400, ...
     872.790, 898.200, 923.590, 949.000, 974.390, 923.590, 898.200, 872.790, 847.400, 821.990, ...
     821.990, 847.400, 872.790, 898.200, 821.990, 847.400, 872.790, 898.200, 923.590, 949.000, ...
     974.390, 974.390, 949.000, 923.590, 898.200, 872.790, 821.990, 847.400, 974.390, 949.000, ...
     923.590, 898.200, 872.790, 847.400, 821.990, 796.600, 733.110, 707.700, 707.700, 733.110, ...
     796.600, 796.600, 733.110, 707.700, 707.700, 733.110, 707.700, 733.110, 707.700, 733.110, ...
     707.700, 733.110, 796.600, 796.600, 796.600, 796.600, 707.700, 733.110, 707.700, 733.110, ...
     707.700, 733.110, 707.700, 733.110, 796.600, 796.600, 733.110, 707.700, 707.700, 733.110, ...
     707.700, 733.110, 707.700, 733.110, 796.600, 796.600, 796.600, 796.600, 796.600, 796.600, ...
     796.600, 796.600, 796.600, 796.600, 733.110, 707.700, 707.700, 733.110, 707.700, 733.110, ...
     707.700, 733.110, 733.110, 707.700, 707.700, 733.110, 707.700, 733.110, 707.700, 733.110, ...
     733.110, 707.700, 707.700, 733.110, 796.600, 796.600, 872.790, 872.790, 898.200, 898.200, ...
     872.790, 872.790, 796.600, 796.600, 796.600, 796.600, 796.600, 796.600, 796.600, 796.600, ...
     707.700, 733.110, 796.600, 796.600, 796.600, 796.600, 796.600, 872.790, 872.790, 872.790, ...
     872.790, 872.790, 872.790, 872.790, 974.390, 999.800, 999.800, 974.390, 974.390, 999.800, ...
     999.800, 1025.20, 1050.61, 1076.00, 1076.00, 1050.61, 1025.20, 974.390, 999.800, 1025.20, ...
     1050.61, 1076.00, 999.800, 1050.61, 1050.61, 1050.61, 1126.80, 1126.80, 1177.60, 1177.60, ...
     1177.60, 1177.60, 1177.60, 1177.60, 1152.21, 1177.60, 1152.21, 1126.80, 1126.80, 1126.80, ...
     1126.80, 1126.80, 1050.61, 1050.61, 1050.61, 1050.61, 1050.61, 1050.61, 999.800, 923.590, ...
     923.590, 872.790, 872.790, 872.790, 872.790, 872.790, 872.790, 872.790, 872.790, 872.790, ...
     821.990, 796.600, 821.990, 796.600, 796.600, 796.600, 796.600, 796.600, 733.110, 707.700, ...
     796.600, 796.600, 796.600, 796.600, 796.600, 796.600, 796.600, 796.600, 872.790, 872.790, ...
     872.790, 872.790, 898.200, 923.590, 898.200, 923.590, 949.000, 949.000, 949.000, 974.390, ...
     974.390, 999.800, 999.800, 1050.61, 1050.61, 1050.61, 1050.61, 1050.61, 1050.61, 1126.80, ...
     1152.21, 1126.80, 1126.80, 1126.80, 1126.80, 1126.80, 1177.60, 1177.60, 1177.60, 1177.60, ...
     1177.60, 1152.21, 1177.60, 1253.81, 1253.81, 1253.81, 1253.81, 1304.61, 1304.61, 1304.61, ...
     1304.61, 1253.81, 1253.81, 1253.81, 1304.61, 1304.61, 1304.61, 1431.60, 1431.60, 1431.60, ...
     1431.60, 1431.60, 1431.60, 1431.60, 1431.60, 1380.80, 1380.80, 1380.80, 1380.80, 1380.80, ...
     1380.80, 1380.80, 1380.80, 1355.39, 1355.39, 1380.80, 1431.60, 1431.60, 1431.60, 1380.80, ...
     1304.61, 1304.61, 1253.81, 1177.60, 1126.80, 1126.80, 1152.21, 1177.60, 1152.21, 1177.60, ...
     1177.60, 1177.60, 999.800, 999.800, 999.800, 999.800, 949.000, 949.000, 923.590, 923.590, ...
     949.000, 923.590, 898.200, 923.590, 898.200, 872.790, 872.790, 872.790, 898.200, 796.600, ...
     821.990, 796.600, 847.400, 821.990, 872.790, 872.790, 847.400, 821.990, 707.700, 707.700, ...
     733.110, 733.110, 872.790, 898.200, 872.790, 872.790, 872.790, 898.200, 923.590, 923.590, ...
     949.000, 949.000, 974.390, 974.390, 999.800, 999.800, 1050.61, 1101.41, 1177.60, 1177.60, ...
     1177.60, 1177.60, 1253.81, 1253.81, 1253.81, 1253.81, 1253.81, 1253.81, 1253.81, 1304.61, ...
     1304.61, 1304.61, 1304.61, 1304.61, 1380.80, 1380.80, 1380.80, 1380.80, 1380.80, 1380.80, ...
     1406.19, 1406.19, 1431.60, 1431.60, 1431.60, 1431.60, 1507.79, 1507.79, 1507.79, 1507.79, ...
     1558.59, 1558.59, 1533.20, 1558.59, 1533.20, 1507.79, 1507.79, 1507.79, 1558.59, 1558.59, ...
     1558.59, 1558.59, 1634.80, 1634.80, 1634.80, 1634.80, 1634.80, 1634.80, 1634.80, 1685.61, ...
     1685.61, 1685.61, 1685.61, 1685.61, 1685.61, 1685.61, 1787.21, 1812.60, 1812.60, 1812.60, ...
     1787.21, 1761.80, 1761.80, 1761.80, 1761.80, 1761.80, 1761.80, 1761.80, 1812.60, 1812.60, ...
     1812.60, 1812.60, 1888.81, 1888.81, 1888.81, 1888.81, 1939.61, 1939.61, 1939.61, 1888.81, ...
     1888.81, 1888.81, 1939.61, 1939.61, 1939.61, 1939.61, 2015.80, 2015.80, 2015.80, 2015.80, ...
     2015.80, 2041.19, 2015.80, 2041.19, 2015.80, 2066.60, 2066.60, 2066.60, 2066.60, 2066.60, ...
     2066.60, 2066.60, 2066.60, 2142.79, 2142.79, 2142.79, 2142.79, 2168.20, 2142.79, 2142.79, ...
     2168.20, 2244.39, 2244.39, 2244.39, 2244.39, 2244.39, 2244.39, 2244.39, 2168.20, 2168.20, ...
     2142.79, 2168.20, 2168.20, 2168.20, 2193.59, 2193.59, 2142.79, 2142.79, 2066.60, 2066.60, ...
     2041.19, 2041.19, 2015.80, 2015.80, 2015.80, 1939.61, 1939.61, 1888.81, 1888.81, 1761.80, ...
     1761.80, 1761.80, 1685.61, 1685.61, 1634.80, 1634.80, 1634.80, 1507.79, 1507.79, 1507.79, ...
     1507.79, 1558.59, 1558.59, 1558.59, 1558.59, 1558.59, 1507.79, 1507.79, 1507.79, 1558.59, ...
     1533.20, 1558.59, 1634.80, 1634.80, 1634.80, 1634.80, 1685.61, 1685.61, 1685.61, 1685.61, ...
     1685.61, 1761.80, 1761.80, 1761.80, 1761.80, 1787.21, 1787.21, 1812.60, 1812.60, 1812.60, ...
     1812.60, 1812.60, 1812.60, 1812.60, 1888.81, 1888.81, 1888.81, 1888.81, 1888.81, 1939.61, ...
     1939.61, 1939.61, 1939.61, 1939.61, 2015.80, 2015.80, 2015.80, 2041.19, 2015.80, 2041.19, ...
     2066.60, 2066.60, 2066.60, 2066.60, 2066.60, 2066.60, 2066.60, 2142.79, 2168.20, 2168.20, ...
     2142.79, 2142.79, 2142.79, 2142.79, 2219.00, 2219.00, 2244.39, 2244.39, 2244.39, 2244.39, ...
     2219.00, 2219.00, 2244.39, 2219.00, 2219.00, 2244.39, 2219.00, 2244.39, 2244.39, 2219.00, ...
     2168.20, 2142.79, 2142.79, 2142.79, 2168.20, 2168.20, 2168.20, 2168.20, 2219.00, 2244.39, ...
     2219.00, 2168.20, 2168.20, 2142.79, 2142.79, 2142.79, 2142.79, 2142.79, 2041.19, 2066.60, ...
     2066.60, 2066.60, 2066.60, 2066.60, 2041.19, 2041.19, 2066.60, 2066.60, 2041.19, 2041.19, ...
     2015.80, 2015.80, 2015.80, 2015.80, 2041.19, 2015.80, 2015.80, 2041.19, 2015.80, 1939.61, ...
     1939.61, 1939.61, 1939.61, 1939.61, 1939.61, 1939.61, 1888.81, 1888.81, 1888.81, 1888.81, ...
     1888.81, 1888.81, 1888.81, 1812.60, 1812.60, 1787.21, 1812.60, 1812.60, 1812.60, 1812.60, ...
     1787.21, 1812.60, 1787.21, 1761.80, 1761.80, 1761.80, 1761.80, 1761.80, 1761.80, 1761.80, ...
     1787.21, 1685.61, 1685.61, 1685.61, 1685.61, 1634.80, 1634.80, 1634.80, 1634.80, 1634.80, ...
     1685.61, 1685.61, 1685.61, 1634.80, 1634.80, 1558.59, 1533.20, 1558.59, 1558.59, 1558.59, ...
     1558.59, 1558.59, 1558.59, 1533.20, 1507.79, 1507.79, 1507.79, 1507.79, 1507.79, 1507.79, ...
     1507.79, 1533.20, 1507.79, 1431.60, 1431.60, 1431.60, 1431.60, 1431.60, 1431.60, 1431.60, ...
     1380.80, 1380.80, 1380.80, 1380.80, 1380.80, 1380.80, 1380.80, 1304.61, 1304.61, 1304.61, ...
     1304.61, 1253.81, 1253.81, 1253.81, 1253.81, 1253.81, 1253.81, 1279.20, 1253.81, 1279.20, ...
     1304.61, 1304.61, 1304.61, 1431.60, 1456.99, 1482.40, 1558.59, 1558.59, 1584.00, 1584.00, ...
     1584.00, 1558.59, 1558.59, 1558.59, 1558.59, 1482.40, 1482.40, 1456.99, 1456.99, 1482.40, ...
     1482.40, 1456.99, 1456.99, 1456.99, 1431.60, 1406.19, 1380.80, 1406.19, 1380.80, 1355.39, ...
     1330.00, 1355.39, 1330.00, 1304.61, 1304.61, 1304.61, 1304.61, 1279.20, 1279.20, 1279.20, ...
     1177.60, 1152.21, 1126.80, 1101.41, 1177.60, 1177.60, 1152.21, 1177.60, 1152.21, 1152.21, ...
     1152.21, 1126.80, 1101.41, 1126.80, 1101.41, 999.800, 999.800, 974.390, 974.390, 999.800, ...
     974.390, 974.390, 999.800, 999.800, 1025.20, 1050.61, 1025.20, 1050.61, 1076.00, 1076.00, ...
     1101.41, 1126.80, 1101.41, 1126.80, 1152.21, 1152.21, 1177.60, 1177.60, 1152.21, 1152.21, ...
     1177.60, 1152.21, 1177.60, 1279.20, 1279.20, 1279.20, 1304.61, 1304.61, 1304.61, 1279.20, ...
     1304.61, 1304.61, 1330.00, 1355.39, 1330.00, 1355.39, 1380.80, 1406.19, 1380.80, 1406.19, ...
     1431.60, 1380.80, 1380.80, 1456.99, 1456.99, 1482.40, 1482.40, 1456.99, 1431.60, 1507.79, ...
     1507.79, 1507.79, 1431.60, 1431.60, 1431.60, 1406.19, 1431.60, 1431.60, 1380.80, 1380.80, ...
     1380.80, 1380.80, 1380.80, 1380.80, 1406.19, 1380.80, 1304.61, 1304.61, 1304.61, 1304.61, ...
     1304.61, 1304.61, 1304.61, 1253.81, 1253.81, 1253.81, 1253.81, 1253.81, 1253.81, 1253.81, ...
     1253.81, 1177.60, 1177.60, 1177.60, 1177.60, 1177.60, 1126.80, 1126.80, 1126.80, 1126.80, ...
     1050.61, 1025.20, 1025.20, 1050.61, 1050.61, 1050.61, 1050.61, 1050.61, 1050.61, 1126.80, ...
     1126.80, 1126.80, 1126.80, 1126.80, 1126.80, 1050.61, 999.800, 999.800, 1050.61, 1050.61, ...
     999.800, 999.800, 999.800, 1050.61, 1050.61, 1050.61, 1126.80, 1126.80, 1126.80, 1126.80, ...
     1126.80, 1126.80, 1101.41, 1126.80, 1152.21, 1177.60, 1203.01, 1228.40, 1253.81, 1253.81, ...
     1304.61, 1304.61, 1304.61, 1253.81, 1177.60, 1177.60, 1177.60, 1101.41, 1126.80, 1152.21, ...
     1177.60, 1203.01, 1228.40, 1304.61, 1304.61, 1330.00, 1355.39, 1330.00, 1355.39, 1380.80, ...
     1406.19, 1431.60, 1456.99, 1482.40, 1507.79, 1507.79, 1431.60, 1431.60, 1431.60, 1406.19, ...
     1406.19, 1380.80, 1380.80, 1380.80, 1380.80, 1380.80, 1380.80, 1380.80, 1304.61, 1304.61, ...
     1304.61, 1304.61, 1304.61, 1304.61, 1253.81, 1253.81, 1279.20, 1253.81, 1253.81, 1279.20, ...
     1253.81, 1177.60, 1177.60, 1177.60, 1177.60, 1177.60, 1177.60, 1126.80, 1126.80, 1126.80, ...
     1126.80, 1177.60, 1177.60, 1177.60, 1177.60, 1177.60, 1177.60, 1253.81, 1253.81, 1253.81, ...
     1253.81, 1253.81, 1253.81, 1304.61, 1304.61, 1304.61, 1304.61, 1380.80, 1380.80, 1380.80, ...
     1380.80, 1431.60, 1431.60, 1380.80, 1380.80, 1431.60, 1431.60, 1431.60, 1431.60, 1431.60, ...
     1431.60, 1431.60, 1507.79, 1507.79, 1507.79, 1507.79, 1507.79, 1507.79, 1507.79, 1507.79, ...
     1558.59, 1634.80, 1634.80, 1634.80, 1558.59, 1558.59, 1558.59, 1558.59, 1507.79, 1507.79, ...
     1507.79, 1507.79, 1558.59, 1558.59, 1558.59, 1558.59, 1533.20, 1533.20, 1558.59, 1634.80, ...
     1634.80, 1634.80, 1634.80, 1634.80, 1634.80, 1634.80, 1685.61, 1685.61, 1685.61, 1685.61, ...
     1685.61, 1685.61, 1685.61, 1685.61, 1761.80, 1761.80, 1761.80, 1761.80, 1761.80, 1761.80, ...
     1761.80, 1812.60, 1812.60, 1812.60, 1812.60, 1761.80, 1812.60, 1812.60, 1812.60, 1888.81, ...
     1888.81, 1888.81, 1888.81, 1888.81, 1888.81, 1939.61, 1939.61, 1939.61, 1939.61, 1939.61, ...
     1939.61, 1939.61, 2015.80, 2015.80, 2015.80, 2015.80, 2041.19, 2066.60, 2041.19, 2066.60, ...
     2142.79, 2142.79, 2066.60, 2066.60, 2015.80, 2015.80, 2015.80, 2066.60, 2066.60, 2066.60, ...
     2041.19, 2015.80, 2015.80, 1939.61, 1939.61, 1939.61, 1939.61, 1888.81, 1838.01, 1812.60, ...
     1812.60, 1812.60, 1787.21, 1787.21, 1761.80, 1761.80, 1761.80, 1685.61, 1685.61, 1685.61, ...
     1685.61, 1685.61, 1685.61, 1685.61, 1761.80, 1761.80, 1761.80, 1761.80, 1812.60, 1838.01, ...
     1812.60, 1838.01, 1838.01, 1812.60, 1838.01, 1838.01, 1939.61, 1939.61, 1939.61, 2015.80, ...
     2015.80, 2015.80, 2015.80, 2015.80, 2041.19, 2066.60, 2066.60, 2066.60, 2066.60, 2066.60, ...
     2041.19, 2066.60, 2066.60, 2142.79, 2142.79, 2142.79, 2142.79, 2142.79, 2142.79, 2142.79, ...
     2142.79, 2142.79, 2142.79, 2142.79, 2142.79, 2041.19, 2041.19, 2066.60, 2142.79, 2168.20, ...
     2219.00, 2219.00, 2244.39, 2219.00, 2244.39, 2244.39, 2219.00, 2244.39, 2219.00, 2244.39, ...
     2219.00, 2244.39, 2219.00, 2244.39, 2219.00, 2244.39, 2219.00, 2244.39, 2244.39, 2219.00, ...
     2219.00, 2244.39, 2244.39, 2219.00, 2244.39, 2219.00, 2219.00, 2244.39, 2244.39, 2244.39, ...
     2219.00, 2219.00, 2142.79, 2142.79, 2142.79, 2219.00, 2219.00, 2219.00, 2244.39, 2219.00, ...
     2244.39, 2219.00, 2244.39, 2244.39, 2244.39, 2219.00, 2244.39, 2219.00, 2244.39, 2219.00, ...
     2244.39, 2219.00, 2244.39, 2244.39, 2219.00, 2244.39, 2219.00, 2219.00, 2244.39, 2244.39, ...
     2244.39, 2219.00, 2168.20, 2168.20, 2066.60, 2041.19, 2041.19, 2066.60, 2066.60, 2015.80, ...
     2066.60, 2142.79, 2142.79, 2142.79, 2142.79, 2142.79, 2066.60, 2066.60, 2066.60, 2066.60, ...
     2041.19, 2041.19, 2015.80, 1939.61, 1939.61, 1888.81, 1888.81, 1888.81, 1888.81, 2015.80, ...
     2015.80, 2015.80, 2015.80, 2015.80, 2015.80, 2015.80, 2015.80, 2015.80, 1939.61, 1939.61, ...
     1939.61, 1939.61, 1939.61, 1888.81, 1888.81, 1888.81, 1888.81, 1888.81, 1939.61, 1939.61, ...
     1939.61, 1939.61, 1888.81, 1888.81, 1888.81, 1812.60, 1812.60, 1761.80, 1761.80, 1761.80, ...
     1761.80, 1812.60, 1812.60, 1787.21, 1812.60, 1812.60, 1812.60, 1787.21, 1761.80, 1761.80, ...
     1685.61, 1685.61, 1685.61, 1685.61, 1685.61, 1685.61, 1685.61, 1685.61, 1761.80, 1761.80, ...
     1812.60, 1761.80, 1761.80, 1685.61, 1685.61, 1685.61, 1685.61, 1685.61, 1685.61, 1685.61, ...
     1761.80, 1761.80, 1761.80, 1761.80, 1761.80, 1812.60, 1812.60, 1812.60, 1812.60, 1888.81, ...
     1888.81, 1812.60, 1787.21, 1787.21, 1812.60, 1787.21, 1812.60, 1812.60, 1787.21, 1761.80, ...
     1761.80, 1761.80, 1761.80, 1685.61, 1685.61, 1685.61, 1685.61, 1634.80, 1634.80, 1634.80, ...
     1634.80, 1634.80, 1558.59, 1558.59, 1558.59, 1558.59, 1507.79, 1507.79, 1482.40, 1482.40, ...
     1456.99, 1431.60, 1456.99, 1431.60, 1406.19, 1406.19, 1380.80, 1355.39, 1330.00, 1304.61, ...
     1304.61, 1330.00, 1355.39, 1380.80, 1482.40, 1380.80, 1406.19, 1431.60, 1456.99, 1482.40, ...
     1456.99, 1431.60, 1406.19, 1380.80, 1355.39, 1330.00, 1304.61, 1253.81, 1253.81, 1228.40, ...
     1228.40, 1203.01, 1203.01, 1177.60, 1177.60, 1152.21, 1152.21, 1126.80, 1101.41, 1101.41, ...
     1126.80, 1228.40, 1203.01, 1177.60, 1152.21, 1126.80, 1101.41, 1076.00, 1050.61, 1050.61, ...
     1076.00, 1050.61, 1076.00, 1050.61, 1050.61, 1050.61, 1050.61, 1050.61, 1050.61, 1050.61, ...
     1025.20, 1025.20, 999.800, 999.800, 999.800, 999.800, 999.800, 923.590, 923.590, 923.590, ...
     923.590, 872.790, 872.790, 872.790, 872.790, 872.790, 872.790, 872.790, 923.590, 923.590, ...
     923.590, 923.590, 923.590, 923.590, 898.200, 872.790, 872.790, 872.790, 898.200, 974.390, ...
     999.800, 999.800, 974.390, 949.000, 923.590, 898.200, 872.790, 847.400, 821.990, 821.990, ...
     847.400, 872.790, 898.200, 923.590, 949.000, 974.390, 974.390, 949.000, 923.590, 898.200, ...
     872.790, 847.400, 821.990, 847.400, 821.990, 821.990, 847.400, 872.790, 872.790, 898.200, ...
     923.590, 949.000, 974.390, 999.800, 999.800, 974.390, 949.000, 923.590, 898.200, 821.990, ...
     847.400, 872.790, 898.200, 923.590, 949.000, 974.390, 1050.61, 1076.00, 1076.00, 1050.61, ...
     1050.61, 1076.00, 1101.41, 1126.80, 1152.21, 1177.60, 1203.01, 1228.40, 1228.40, 1203.01, ...
     1177.60, 1152.21, 1101.41, 1126.80, 1152.21, 1177.60, 1203.01, 1228.40, 1253.81, 1253.81, ...
     1304.61, 1330.00, 1355.39, 1380.80, 1406.19, 1431.60, 1304.61, 1330.00, 1355.39, 1380.80, ...
     1406.19, 1431.60, 1456.99, 1482.40, 1482.40, 1456.99, 1304.61, 1330.00, 1355.39, 1380.80, ...
     1406.19, 1431.60, 1456.99, 1482.40, 1507.79, 1507.79, 1558.59, 1558.59, 1558.59, 1634.80, ...
     1634.80, 1685.61, 1685.61, 1685.61, 1761.80, 1761.80, 1761.80, 1787.21, 1787.21, 1939.61, ...
     2015.80, 2041.19, 2041.19, 1939.61, 1939.61, 1939.61, 2041.19, 2066.60, 2142.79, 2168.20, ...
     2219.00, 2244.39, 2244.39, 2244.39, 2219.00, 2244.39, 2219.00, 2244.39, 2219.00, 2244.39, ...
     2219.00, 2244.39, 2219.00, 2244.39, 2219.00, 2168.20, 2142.79, 2142.79, 2168.20, 2168.20, ...
     2142.79, 2168.20, 2142.79, 2142.79, 2142.79, 2168.20, 2168.20, 2168.20, 2142.79, 2142.79, ...
     2168.20, 2219.00, 2244.39, 2244.39, 2219.00, 2219.00, 2244.39, 2244.39, 2219.00, 2219.00, ...
     2244.39, 2244.39, 2219.00, 2219.00, 2244.39, 2244.39, 2219.00, 2168.20, 2168.20, 2219.00, ...
     2244.39, 2244.39, 2219.00, 2219.00, 2193.59, 2168.20, 2168.20, 2193.59, 2219.00, 2244.39, ...
     2219.00, 2244.39, 2244.39, 2244.39, 2219.00, 2219.00, 2244.39, 2244.39, 2219.00, 2219.00, ...
     2244.39, 2219.00, 2193.59, 2193.59, 2193.59, 2117.40, 2117.40, 2091.99, 2091.99, 2066.60, ...
     2066.60, 2091.99, 2091.99, 2168.20, 2193.59, 2193.59, 2168.20, 2193.59, 2193.59, 2168.20, ...
     2091.99, 2066.60, 2066.60, 2091.99, 2066.60, 2091.99, 2066.60, 2091.99, 2091.99, 2066.60, ...
     2041.19, 2041.19, 2041.19, 2041.19, 2066.60, 2041.19, 2041.19, 1939.61, 1939.61, 1965.00, ...
     1965.00, 1939.61, 1939.61, 1965.00, 1965.00, 1965.00, 1965.00, 1939.61, 1965.00, 1939.61, ...
     1939.61, 1863.40, 1863.40, 1863.40, 1863.40, 1863.40, 1863.40, 1863.40, 1812.60, 1812.60, ...
     1812.60, 1812.60, 1812.60, 1863.40, 1863.40, 1863.40, 1812.60, 1787.21, 1787.21, 1812.60, ...
     1736.41, 1736.41, 1736.41, 1736.41, 1736.41, 1736.41, 1736.41, 1685.61, 1685.61, 1685.61, ...
     1685.61, 1685.61, 1685.61, 1685.61, 1609.39, 1609.39, 1609.39, 1609.39, 1609.39, 1609.39, ...
     1609.39, 1533.20, 1507.79, 1507.79, 1507.79, 1482.40, 1456.99, 1431.60, 1406.19, 1380.80, ...
     1355.39, 1355.39, 1355.39, 1355.39, 1304.61, 1304.61, 1304.61, 1279.20, 1253.81, 1228.40, ...
     1203.01, 1228.40, 1253.81, 1253.81, 1253.81, 1228.40, 1203.01, 1177.60, 1203.01, 1177.60, ...
     1152.21, 1152.21, 1126.80, 1152.21, 1177.60, 1228.40, 1203.01, 1177.60, 1152.21, 1126.80, ...
     1101.41, 1025.20, 999.800, 999.800, 1025.20, 1076.00, 1101.41, 1076.00, 1076.00, 1101.41, ...
     1126.80, 1126.80, 1101.41, 1076.00, 1050.61, 1126.80, 1101.41, 1076.00, 1050.61, 999.800, ...
     999.800, 974.390, 949.000, 923.590, 847.400, 872.790, 898.200, 974.390, 949.000, 923.590, ...
     898.200, 872.790, 847.400, 821.990, 821.990, 796.600, 733.110, 707.700, 707.700, 733.110, ...
     796.600, 796.600, 733.110, 707.700, 707.700, 733.110, 707.700, 733.110, 707.700, 733.110, ...
     707.700, 733.110, 796.600, 796.600, 1025.20, 999.800, 974.390, 949.000, 923.590, 898.200, ...
     872.790, 847.400, 821.990, 796.600, 796.600, 733.110, 707.700, 707.700, 733.110, 707.700, ...
     733.110, 707.700, 733.110, 707.700, 733.110, 707.700, 733.110, 707.700, 733.110, 796.600, ...
     796.600, 821.990, 847.400, 872.790, 923.590, 898.200, 821.990, 796.600, 733.110, 707.700, ...
     707.700, 733.110];
u2152_opt_tour_length = 64253; % Known optimum tour length
