00000000000001111101011001001001
00000000000010010010101111000101
00000000000010001100011101111000
00000000000010000001100010100101
00000000000010001000000011011110
00000000000010001010101011011101
00000000000010000110000111010001
00000000000010001100110101011111
00000000000010010011110101011001
00000000000010001000011100000000
00000000000010010100110010101111
00000000000010000110011001001111
00000000000010010001001101100001
00000000000001111101101100000011
00000000000001111110010101010101
00000000000010010110111011111001
00000000000010000010110111010110
00000000000010000011110101011100
00000000000010001001110111011100
00000000000010001010101001011010
00000000000010011001111101110100
00000000000001111111000101010100
00000000000010001111000010001000
00000000000010001010101100001001
00000000000010000111011001001010
00000000000010001101100111110000
00000000000010001001001111111011
00000000000010000011000000001100
00000000000010010100001111111010
00000000000001111110111101010001
00000000000010001110010110100001
00000000000010001001001101001101
00000000000010000101111110011011
00000000000001111111001111011101
00000000000010010001101000001000
00000000000010001100100011100111
00000000000001111110010111000001
00000000000010010010100110110000
00000000000010010011110011100101
00000000000010001011011000101100
00000000000010001100011110101111
00000000000010001111100100101011
00000000000010000110100100111111
00000000000010001010111110000110
00000000000010000010101101101010
00000000000010000000011001111011
00000000000001111101110100010001
00000000000010001100011100010010
00000000000010000110101001100010
00000000000010010101101111101110
00000000000010001010000101101010